time	V(1)	V(2)
Step Information: Routput=100  (Step: 1/5)
0.000000000000000e+00	0.000000e+00	0.000000e+00
2.556502884272083e-11	2.556503e-02	2.469508e-05
5.014205819204944e-11	5.014206e-02	9.554216e-05
1.000000000000000e-10	1.000000e-01	3.061532e-04
4.589803857396096e-10	1.000000e-01	2.471373e-03
8.193685376978060e-10	1.000000e-01	4.585013e-03
1.540144841614199e-09	1.000000e-01	8.640107e-03
2.981697449446984e-09	1.000000e-01	1.611530e-02
5.864802665112554e-09	1.000000e-01	2.916544e-02
9.916313736934408e-09	1.000000e-01	4.430162e-02
1.427396572231534e-08	1.000000e-01	5.686041e-02
2.019603082367816e-08	1.000000e-01	6.914999e-02
2.768869240259801e-08	1.000000e-01	7.950920e-02
3.765663116815393e-08	1.000000e-01	8.777425e-02
4.873041393368866e-08	1.000000e-01	9.267719e-02
6.289810621901363e-08	1.000000e-01	9.555689e-02
7.990991461159517e-08	1.000000e-01	9.691609e-02
1.036145237995290e-07	1.000000e-01	9.747867e-02
1.126755007471702e-02	1.000000e-01	8.016246e-02
1.615036257471702e-02	1.000000e-01	7.329883e-02
2.103317507471702e-02	1.000000e-01	6.686716e-02
2.591598757471702e-02	1.000000e-01	6.084327e-02
3.079880007471702e-02	1.000000e-01	5.520426e-02
3.568161257471703e-02	1.000000e-01	4.992843e-02
4.056442507471703e-02	1.000000e-01	4.499526e-02
4.544723757471703e-02	1.000000e-01	4.038526e-02
5.033005007471703e-02	1.000000e-01	3.608003e-02
5.521286257471703e-02	1.000000e-01	3.206213e-02
6.009567507471703e-02	1.000000e-01	2.831504e-02
6.497848757471703e-02	1.000000e-01	2.482313e-02
6.986130007471703e-02	1.000000e-01	2.157161e-02
7.474411257471703e-02	1.000000e-01	1.854650e-02
7.962692507471703e-02	1.000000e-01	1.573453e-02
8.450973757471703e-02	1.000000e-01	1.312319e-02
8.939255007471703e-02	1.000000e-01	1.070063e-02
9.427536257471703e-02	1.000000e-01	8.455629e-03
9.915817507471703e-02	1.000000e-01	6.377602e-03
1.040409875747170e-01	1.000000e-01	4.456524e-03
1.089238000747170e-01	1.000000e-01	2.682923e-03
1.138066125747170e-01	1.000000e-01	1.047848e-03
1.186894250747170e-01	1.000000e-01	-4.571638e-04
1.235722375747170e-01	1.000000e-01	-1.840104e-03
1.284550500747170e-01	1.000000e-01	-3.108525e-03
1.333378625747170e-01	1.000000e-01	-4.269557e-03
1.382206750747170e-01	1.000000e-01	-5.329937e-03
1.431034875747170e-01	1.000000e-01	-6.296022e-03
1.479863000747170e-01	1.000000e-01	-7.173815e-03
1.528691125747170e-01	1.000000e-01	-7.968980e-03
1.577519250747170e-01	1.000000e-01	-8.686861e-03
1.626347375747170e-01	1.000000e-01	-9.332500e-03
1.724003625747170e-01	1.000000e-01	-1.042580e-02
1.821659875747170e-01	1.000000e-01	-1.128375e-02
1.919316125747170e-01	1.000000e-01	-1.193730e-02
2.065800500747170e-01	1.000000e-01	-1.259363e-02
2.212284875747170e-01	1.000000e-01	-1.293105e-02
2.358769250747170e-01	1.000000e-01	-1.301598e-02
2.505253625747170e-01	1.000000e-01	-1.290354e-02
2.651738000747170e-01	1.000000e-01	-1.263926e-02
2.798222375747170e-01	1.000000e-01	-1.226058e-02
2.944706750747170e-01	1.000000e-01	-1.179821e-02
3.091191125747170e-01	1.000000e-01	-1.127712e-02
3.286503625747170e-01	1.000000e-01	-1.052539e-02
3.481816125747170e-01	1.000000e-01	-9.742038e-03
3.677128625747170e-01	1.000000e-01	-8.954415e-03
3.872441125747170e-01	1.000000e-01	-8.182171e-03
4.116581750747170e-01	1.000000e-01	-7.258871e-03
4.360722375747170e-01	1.000000e-01	-6.397577e-03
4.653691125747170e-01	1.000000e-01	-5.458070e-03
4.995488000747170e-01	1.000000e-01	-4.497331e-03
5.337284875747170e-01	1.000000e-01	-3.678389e-03
5.679081750747170e-01	1.000000e-01	-2.990167e-03
6.020878625747170e-01	1.000000e-01	-2.418215e-03
6.411503625747170e-01	1.000000e-01	-1.887181e-03
6.802128625747170e-01	1.000000e-01	-1.465721e-03
7.241581750747170e-01	1.000000e-01	-1.097686e-03
7.729863000747170e-01	1.000000e-01	-7.920974e-04
8.266972375747170e-01	1.000000e-01	-5.504488e-04
8.901738000747170e-01	1.000000e-01	-3.560383e-04
9.682988000747170e-01	1.000000e-01	-2.068881e-04
1.000000000100000e+00	1.000000e-01	-1.656897e-04
1.000000000130000e+00	7.000000e-02	-2.008606e-04
1.000000000159332e+00	4.066791e-02	-2.831100e-04
1.000000000200000e+00	0.000000e+00	-4.748905e-04
1.000000000567512e+00	0.000000e+00	-2.690608e-03
1.000000000940858e+00	0.000000e+00	-4.877489e-03
1.000000001687550e+00	0.000000e+00	-9.066963e-03
1.000000003180933e+00	0.000000e+00	-1.676817e-02
1.000000006167700e+00	0.000000e+00	-2.986908e-02
1.000000012102368e+00	0.000000e+00	-5.030083e-02
1.000000018126521e+00	0.000000e+00	-6.506830e-02
1.000000026350793e+00	0.000000e+00	-7.806253e-02
1.000000034750884e+00	0.000000e+00	-8.608194e-02
1.000000046139479e+00	0.000000e+00	-9.195457e-02
1.000000058598139e+00	0.000000e+00	-9.510344e-02
1.000000075832480e+00	0.000000e+00	-9.685785e-02
1.000000096429788e+00	0.000000e+00	-9.755466e-02
1.000000776328961e+00	0.000000e+00	-9.782331e-02
1.005659666475765e+00	0.000000e+00	-8.871827e-02
1.015425291475765e+00	0.000000e+00	-7.443871e-02
1.020308103975765e+00	0.000000e+00	-6.793945e-02
1.025190916475765e+00	0.000000e+00	-6.185163e-02
1.030073728975765e+00	0.000000e+00	-5.615218e-02
1.034956541475765e+00	0.000000e+00	-5.081923e-02
1.039839353975765e+00	0.000000e+00	-4.583204e-02
1.044722166475765e+00	0.000000e+00	-4.117101e-02
1.049604978975765e+00	0.000000e+00	-3.681757e-02
1.054487791475765e+00	0.000000e+00	-3.275411e-02
1.059370603975765e+00	0.000000e+00	-2.896399e-02
1.064253416475765e+00	0.000000e+00	-2.543144e-02
1.069136228975765e+00	0.000000e+00	-2.214156e-02
1.074019041475765e+00	0.000000e+00	-1.908023e-02
1.078901853975765e+00	0.000000e+00	-1.623409e-02
1.083784666475765e+00	0.000000e+00	-1.359050e-02
1.088667478975765e+00	0.000000e+00	-1.113751e-02
1.093550291475765e+00	0.000000e+00	-8.863813e-03
1.098433103975765e+00	0.000000e+00	-6.758728e-03
1.103315916475765e+00	0.000000e+00	-4.812142e-03
1.108198728975765e+00	0.000000e+00	-3.014502e-03
1.113081541475765e+00	0.000000e+00	-1.356775e-03
1.117964353975765e+00	0.000000e+00	1.695729e-04
1.122847166475765e+00	0.000000e+00	1.572606e-03
1.127729978975765e+00	0.000000e+00	2.859942e-03
1.132612791475765e+00	0.000000e+00	4.038777e-03
1.137495603975765e+00	0.000000e+00	5.115905e-03
1.142378416475765e+00	0.000000e+00	6.097743e-03
1.147261228975765e+00	0.000000e+00	6.990348e-03
1.152144041475765e+00	0.000000e+00	7.799434e-03
1.157026853975765e+00	0.000000e+00	8.530395e-03
1.161909666475765e+00	0.000000e+00	9.188319e-03
1.171675291475765e+00	0.000000e+00	1.030397e-02
1.181440916475765e+00	0.000000e+00	1.118159e-02
1.191206541475765e+00	0.000000e+00	1.185242e-02
1.200972166475765e+00	0.000000e+00	1.234420e-02
1.215620603975765e+00	0.000000e+00	1.279913e-02
1.230269041475765e+00	0.000000e+00	1.297721e-02
1.244917478975765e+00	0.000000e+00	1.293769e-02
1.259565916475765e+00	0.000000e+00	1.272960e-02
1.274214353975765e+00	0.000000e+00	1.239337e-02
1.288862791475765e+00	0.000000e+00	1.196215e-02
1.303511228975765e+00	0.000000e+00	1.146303e-02
1.323042478975765e+00	0.000000e+00	1.072927e-02
1.342573728975765e+00	0.000000e+00	9.953986e-03
1.362104978975765e+00	0.000000e+00	9.167171e-03
1.381636228975765e+00	0.000000e+00	8.390525e-03
1.406050291475765e+00	0.000000e+00	7.456787e-03
1.430464353975765e+00	0.000000e+00	6.581690e-03
1.459761228975765e+00	0.000000e+00	5.623447e-03
1.489058103975765e+00	0.000000e+00	4.771742e-03
1.523237791475765e+00	0.000000e+00	3.911312e-03
1.557417478975765e+00	0.000000e+00	3.185268e-03
1.591597166475765e+00	0.000000e+00	2.579931e-03
1.625776853975765e+00	0.000000e+00	2.080042e-03
1.664839353975765e+00	0.000000e+00	1.618449e-03
1.703901853975765e+00	0.000000e+00	1.253851e-03
1.747847166475765e+00	0.000000e+00	9.367798e-04
1.796675291475765e+00	0.000000e+00	6.744928e-04
1.855269041475765e+00	0.000000e+00	4.523784e-04
1.923628416475765e+00	0.000000e+00	2.822001e-04
2.000000000000000e+00	0.000000e+00	1.654758e-04
2.000000000030000e+00	3.000000e-02	2.006440e-04
2.000000000059312e+00	5.931167e-02	2.828127e-04
2.000000000100000e+00	1.000000e-01	4.746774e-04
2.000000000467234e+00	1.000000e-01	2.688746e-03
2.000000000840298e+00	1.000000e-01	4.874046e-03
2.000000001586425e+00	1.000000e-01	9.060625e-03
2.000000003078679e+00	1.000000e-01	1.675699e-02
2.000000006063188e+00	1.000000e-01	2.985044e-02
2.000000011997805e+00	1.000000e-01	5.028739e-02
2.000000018020180e+00	1.000000e-01	6.505544e-02
2.000000026244547e+00	1.000000e-01	7.805479e-02
2.000000034642432e+00	1.000000e-01	8.607578e-02
2.000000046030520e+00	1.000000e-01	9.195122e-02
2.000000058485884e+00	1.000000e-01	9.510131e-02
2.000000075718356e+00	1.000000e-01	9.685690e-02
2.000000096309227e+00	1.000000e-01	9.755421e-02
2.000000775886678e+00	1.000000e-01	9.782319e-02
2.005656908962308e+00	1.000000e-01	8.872243e-02
2.015422533962308e+00	1.000000e-01	7.444239e-02
2.020305346462308e+00	1.000000e-01	6.794289e-02
2.025188158962308e+00	1.000000e-01	6.185486e-02
2.030070971462308e+00	1.000000e-01	5.615520e-02
2.034953783962308e+00	1.000000e-01	5.082204e-02
2.039836596462308e+00	1.000000e-01	4.583468e-02
2.044719408962308e+00	1.000000e-01	4.117347e-02
2.049602221462308e+00	1.000000e-01	3.681986e-02
2.054485033962308e+00	1.000000e-01	3.275624e-02
2.059367846462308e+00	1.000000e-01	2.896597e-02
2.064250658962308e+00	1.000000e-01	2.543329e-02
2.069133471462308e+00	1.000000e-01	2.214328e-02
2.074016283962308e+00	1.000000e-01	1.908183e-02
2.078899096462308e+00	1.000000e-01	1.623557e-02
2.083781908962308e+00	1.000000e-01	1.359187e-02
2.088664721462308e+00	1.000000e-01	1.113877e-02
2.093547533962308e+00	1.000000e-01	8.864986e-03
2.098430346462308e+00	1.000000e-01	6.759811e-03
2.103313158962308e+00	1.000000e-01	4.813140e-03
2.108195971462308e+00	1.000000e-01	3.015420e-03
2.113078783962308e+00	1.000000e-01	1.357619e-03
2.117961596462308e+00	1.000000e-01	-1.687988e-04
2.122844408962308e+00	1.000000e-01	-1.571897e-03
2.127727221462308e+00	1.000000e-01	-2.859295e-03
2.132610033962308e+00	1.000000e-01	-4.038187e-03
2.137492846462308e+00	1.000000e-01	-5.115370e-03
2.142375658962308e+00	1.000000e-01	-6.097259e-03
2.147258471462308e+00	1.000000e-01	-6.989910e-03
2.152141283962308e+00	1.000000e-01	-7.799041e-03
2.157024096462308e+00	1.000000e-01	-8.530042e-03
2.161906908962308e+00	1.000000e-01	-9.188005e-03
2.171672533962308e+00	1.000000e-01	-1.030373e-02
2.181438158962308e+00	1.000000e-01	-1.118140e-02
2.191203783962308e+00	1.000000e-01	-1.185229e-02
2.200969408962308e+00	1.000000e-01	-1.234411e-02
2.215617846462308e+00	1.000000e-01	-1.279910e-02
2.230266283962308e+00	1.000000e-01	-1.297722e-02
2.244914721462308e+00	1.000000e-01	-1.293774e-02
2.259563158962308e+00	1.000000e-01	-1.272967e-02
2.274211596462308e+00	1.000000e-01	-1.239346e-02
2.288860033962308e+00	1.000000e-01	-1.196225e-02
2.303508471462308e+00	1.000000e-01	-1.146314e-02
2.323039721462308e+00	1.000000e-01	-1.072939e-02
2.342570971462308e+00	1.000000e-01	-9.954107e-03
2.362102221462308e+00	1.000000e-01	-9.167290e-03
2.381633471462308e+00	1.000000e-01	-8.390642e-03
2.406047533962308e+00	1.000000e-01	-7.456896e-03
2.430461596462308e+00	1.000000e-01	-6.581790e-03
2.459758471462308e+00	1.000000e-01	-5.623537e-03
2.489055346462308e+00	1.000000e-01	-4.771820e-03
2.523235033962308e+00	1.000000e-01	-3.911379e-03
2.557414721462308e+00	1.000000e-01	-3.185324e-03
2.591594408962308e+00	1.000000e-01	-2.579977e-03
2.625774096462308e+00	1.000000e-01	-2.080080e-03
2.664836596462308e+00	1.000000e-01	-1.618479e-03
2.703899096462308e+00	1.000000e-01	-1.253875e-03
2.747844408962308e+00	1.000000e-01	-9.367975e-04
2.796672533962308e+00	1.000000e-01	-6.745058e-04
2.855266283962308e+00	1.000000e-01	-4.523872e-04
2.923625658962308e+00	1.000000e-01	-2.822056e-04
3.000000000100000e+00	1.000000e-01	-1.654753e-04
3.000000000130000e+00	7.000000e-02	-2.006436e-04
3.000000000159312e+00	4.068833e-02	-2.828118e-04
3.000000000200000e+00	0.000000e+00	-4.746757e-04
3.000000000567232e+00	0.000000e+00	-2.688729e-03
3.000000000940293e+00	0.000000e+00	-4.874016e-03
3.000000001686415e+00	0.000000e+00	-9.060570e-03
3.000000003178660e+00	0.000000e+00	-1.675689e-02
3.000000006163148e+00	0.000000e+00	-2.985027e-02
3.000000012097765e+00	0.000000e+00	-5.028727e-02
3.000000018120124e+00	0.000000e+00	-6.505533e-02
3.000000026344492e+00	0.000000e+00	-7.805472e-02
3.000000034742357e+00	0.000000e+00	-8.607573e-02
3.000000046130440e+00	0.000000e+00	-9.195119e-02
3.000000058585775e+00	0.000000e+00	-9.510130e-02
3.000000075818231e+00	0.000000e+00	-9.685689e-02
3.000000096409044e+00	0.000000e+00	-9.755421e-02
3.000000775983634e+00	0.000000e+00	-9.782318e-02
3.005656884543341e+00	0.000000e+00	-8.872247e-02
3.015422509543341e+00	0.000000e+00	-7.444243e-02
3.020305322043341e+00	0.000000e+00	-6.794292e-02
3.025188134543341e+00	0.000000e+00	-6.185489e-02
3.030070947043341e+00	0.000000e+00	-5.615523e-02
3.034953759543341e+00	0.000000e+00	-5.082207e-02
3.039836572043341e+00	0.000000e+00	-4.583470e-02
3.044719384543341e+00	0.000000e+00	-4.117349e-02
3.049602197043341e+00	0.000000e+00	-3.681988e-02
3.054485009543341e+00	0.000000e+00	-3.275626e-02
3.059367822043341e+00	0.000000e+00	-2.896599e-02
3.064250634543341e+00	0.000000e+00	-2.543331e-02
3.069133447043341e+00	0.000000e+00	-2.214330e-02
3.074016259543341e+00	0.000000e+00	-1.908184e-02
3.078899072043341e+00	0.000000e+00	-1.623558e-02
3.083781884543341e+00	0.000000e+00	-1.359188e-02
3.088664697043341e+00	0.000000e+00	-1.113879e-02
3.093547509543341e+00	0.000000e+00	-8.864997e-03
3.098430322043341e+00	0.000000e+00	-6.759821e-03
3.103313134543341e+00	0.000000e+00	-4.813150e-03
3.108195947043341e+00	0.000000e+00	-3.015429e-03
3.113078759543341e+00	0.000000e+00	-1.357627e-03
3.117961572043341e+00	0.000000e+00	1.687914e-04
3.122844384543341e+00	0.000000e+00	1.571890e-03
3.127727197043341e+00	0.000000e+00	2.859288e-03
3.132610009543341e+00	0.000000e+00	4.038181e-03
3.137492822043341e+00	0.000000e+00	5.115365e-03
3.142375634543341e+00	0.000000e+00	6.097254e-03
3.147258447043341e+00	0.000000e+00	6.989906e-03
3.152141259543341e+00	0.000000e+00	7.799037e-03
3.157024072043341e+00	0.000000e+00	8.530039e-03
3.161906884543341e+00	0.000000e+00	9.188002e-03
3.171672509543341e+00	0.000000e+00	1.030373e-02
3.181438134543341e+00	0.000000e+00	1.118140e-02
3.191203759543341e+00	0.000000e+00	1.185229e-02
3.200969384543341e+00	0.000000e+00	1.234411e-02
3.215617822043341e+00	0.000000e+00	1.279910e-02
3.230266259543341e+00	0.000000e+00	1.297722e-02
3.244914697043341e+00	0.000000e+00	1.293774e-02
3.259563134543341e+00	0.000000e+00	1.272967e-02
3.274211572043341e+00	0.000000e+00	1.239346e-02
3.288860009543341e+00	0.000000e+00	1.196225e-02
3.303508447043341e+00	0.000000e+00	1.146315e-02
3.323039697043341e+00	0.000000e+00	1.072939e-02
3.342570947043341e+00	0.000000e+00	9.954108e-03
3.362102197043341e+00	0.000000e+00	9.167291e-03
3.381633447043341e+00	0.000000e+00	8.390643e-03
3.406047509543341e+00	0.000000e+00	7.456897e-03
3.430461572043341e+00	0.000000e+00	6.581791e-03
3.459758447043341e+00	0.000000e+00	5.623538e-03
3.489055322043341e+00	0.000000e+00	4.771821e-03
3.523235009543341e+00	0.000000e+00	3.911380e-03
3.557414697043341e+00	0.000000e+00	3.185325e-03
3.591594384543341e+00	0.000000e+00	2.579977e-03
3.625774072043341e+00	0.000000e+00	2.080080e-03
3.664836572043341e+00	0.000000e+00	1.618479e-03
3.703899072043341e+00	0.000000e+00	1.253875e-03
3.747844384543341e+00	0.000000e+00	9.367977e-04
3.796672509543341e+00	0.000000e+00	6.745060e-04
3.855266259543341e+00	0.000000e+00	4.523873e-04
3.923625634543341e+00	0.000000e+00	2.822057e-04
4.000000000000000e+00	0.000000e+00	1.654753e-04
4.000000000030000e+00	3.000000e-02	2.006434e-04
4.000000000059312e+00	5.931167e-02	2.828111e-04
4.000000000100000e+00	1.000000e-01	4.746769e-04
4.000000000467226e+00	1.000000e-01	2.688692e-03
4.000000000840281e+00	1.000000e-01	4.873942e-03
4.000000001586390e+00	1.000000e-01	9.060428e-03
4.000000003078608e+00	1.000000e-01	1.675663e-02
4.000000006063043e+00	1.000000e-01	2.984985e-02
4.000000011997660e+00	1.000000e-01	5.028697e-02
4.000000018019977e+00	1.000000e-01	6.505504e-02
4.000000026244348e+00	1.000000e-01	7.805454e-02
4.000000034642162e+00	1.000000e-01	8.607559e-02
4.000000046030234e+00	1.000000e-01	9.195112e-02
4.000000058485492e+00	1.000000e-01	9.510125e-02
4.000000075717905e+00	1.000000e-01	9.685687e-02
4.000000096308568e+00	1.000000e-01	9.755420e-02
4.000000775875725e+00	1.000000e-01	9.782319e-02
4.005656820749036e+00	1.000000e-01	8.872257e-02
4.015422445749036e+00	1.000000e-01	7.444252e-02
4.020305258249036e+00	1.000000e-01	6.794301e-02
4.025188070749036e+00	1.000000e-01	6.185497e-02
4.030070883249036e+00	1.000000e-01	5.615530e-02
4.034953695749036e+00	1.000000e-01	5.082214e-02
4.039836508249036e+00	1.000000e-01	4.583476e-02
4.044719320749036e+00	1.000000e-01	4.117355e-02
4.049602133249036e+00	1.000000e-01	3.681993e-02
4.054484945749036e+00	1.000000e-01	3.275631e-02
4.059367758249036e+00	1.000000e-01	2.896604e-02
4.064250570749036e+00	1.000000e-01	2.543335e-02
4.069133383249036e+00	1.000000e-01	2.214334e-02
4.074016195749036e+00	1.000000e-01	1.908188e-02
4.078899008249036e+00	1.000000e-01	1.623561e-02
4.083781820749036e+00	1.000000e-01	1.359191e-02
4.088664633249036e+00	1.000000e-01	1.113882e-02
4.093547445749036e+00	1.000000e-01	8.865026e-03
4.098430258249036e+00	1.000000e-01	6.759847e-03
4.103313070749036e+00	1.000000e-01	4.813174e-03
4.108195883249036e+00	1.000000e-01	3.015452e-03
4.113078695749036e+00	1.000000e-01	1.357648e-03
4.117961508249036e+00	1.000000e-01	-1.687723e-04
4.122844320749036e+00	1.000000e-01	-1.571873e-03
4.127727133249036e+00	1.000000e-01	-2.859272e-03
4.132609945749036e+00	1.000000e-01	-4.038167e-03
4.137492758249036e+00	1.000000e-01	-5.115351e-03
4.142375570749036e+00	1.000000e-01	-6.097242e-03
4.147258383249036e+00	1.000000e-01	-6.989895e-03
4.152141195749036e+00	1.000000e-01	-7.799027e-03
4.157024008249036e+00	1.000000e-01	-8.530030e-03
4.161906820749036e+00	1.000000e-01	-9.187994e-03
4.171672445749036e+00	1.000000e-01	-1.030372e-02
4.181438070749036e+00	1.000000e-01	-1.118140e-02
4.191203695749036e+00	1.000000e-01	-1.185228e-02
4.200969320749036e+00	1.000000e-01	-1.234411e-02
4.215617758249036e+00	1.000000e-01	-1.279910e-02
4.230266195749036e+00	1.000000e-01	-1.297722e-02
4.244914633249036e+00	1.000000e-01	-1.293774e-02
4.259563070749036e+00	1.000000e-01	-1.272967e-02
4.274211508249036e+00	1.000000e-01	-1.239346e-02
4.288859945749036e+00	1.000000e-01	-1.196226e-02
4.303508383249036e+00	1.000000e-01	-1.146315e-02
4.323039633249036e+00	1.000000e-01	-1.072939e-02
4.342570883249036e+00	1.000000e-01	-9.954110e-03
4.362102133249036e+00	1.000000e-01	-9.167294e-03
4.381633383249036e+00	1.000000e-01	-8.390645e-03
4.406047445749036e+00	1.000000e-01	-7.456899e-03
4.430461508249036e+00	1.000000e-01	-6.581794e-03
4.459758383249036e+00	1.000000e-01	-5.623539e-03
4.489055258249036e+00	1.000000e-01	-4.771823e-03
4.523234945749036e+00	1.000000e-01	-3.911381e-03
4.557414633249036e+00	1.000000e-01	-3.185326e-03
4.591594320749036e+00	1.000000e-01	-2.579978e-03
4.625774008249036e+00	1.000000e-01	-2.080081e-03
4.664836508249036e+00	1.000000e-01	-1.618480e-03
4.703899008249036e+00	1.000000e-01	-1.253875e-03
4.747844320749036e+00	1.000000e-01	-9.367981e-04
4.796672445749036e+00	1.000000e-01	-6.745062e-04
4.855266195749036e+00	1.000000e-01	-4.523875e-04
4.923625570749036e+00	1.000000e-01	-2.822058e-04
4.995117187600000e+00	1.000000e-01	-1.713297e-04
5.000000000000000e+00	1.000000e-01	-1.654753e-04
Step Information: Routput=2.5K  (Step: 2/5)
0.000000000000000e+00	0.000000e+00	0.000000e+00
2.556502884272083e-11	2.556503e-02	2.470173e-05
5.014205819204945e-11	5.014206e-02	9.556789e-05
1.000000000000000e-10	1.000000e-01	3.062357e-04
4.589803857395964e-10	1.000000e-01	2.472039e-03
8.193685376977795e-10	1.000000e-01	4.586248e-03
1.540144841614146e-09	1.000000e-01	8.642433e-03
2.981697449446878e-09	1.000000e-01	1.611964e-02
5.864802665112342e-09	1.000000e-01	2.917122e-02
9.928745049438266e-09	1.000000e-01	4.434844e-02
1.430913990808528e-08	1.000000e-01	5.696147e-02
2.023128561698470e-08	1.000000e-01	6.923041e-02
2.774295453486572e-08	1.000000e-01	7.959080e-02
3.770562947236193e-08	1.000000e-01	8.782814e-02
4.880362842764756e-08	1.000000e-01	9.272403e-02
6.297288044495684e-08	1.000000e-01	9.559233e-02
8.002474502060601e-08	1.000000e-01	9.694716e-02
1.037475449654232e-07	1.000000e-01	9.750643e-02
1.129945011166510e-02	1.000000e-01	8.023358e-02
1.618226261166510e-02	1.000000e-01	7.340488e-02
2.106507511166510e-02	1.000000e-01	6.700370e-02
2.594788761166510e-02	1.000000e-01	6.100623e-02
3.083070011166510e-02	1.000000e-01	5.538991e-02
3.571351261166510e-02	1.000000e-01	5.013334e-02
4.059632511166510e-02	1.000000e-01	4.521628e-02
4.547913761166510e-02	1.000000e-01	4.061953e-02
5.036195011166510e-02	1.000000e-01	3.632493e-02
5.524476261166510e-02	1.000000e-01	3.231527e-02
6.012757511166510e-02	1.000000e-01	2.857425e-02
6.501038761166510e-02	1.000000e-01	2.508645e-02
6.989320011166510e-02	1.000000e-01	2.183727e-02
7.477601261166510e-02	1.000000e-01	1.881288e-02
7.965882511166510e-02	1.000000e-01	1.600020e-02
8.454163761166510e-02	1.000000e-01	1.338685e-02
8.942445011166510e-02	1.000000e-01	1.096112e-02
9.430726261166510e-02	1.000000e-01	8.711940e-03
9.919007511166510e-02	1.000000e-01	6.628820e-03
1.040728876116651e-01	1.000000e-01	4.701853e-03
1.089557001116651e-01	1.000000e-01	2.921668e-03
1.138385126116651e-01	1.000000e-01	1.279406e-03
1.187213251116651e-01	1.000000e-01	-2.333068e-04
1.236041376116651e-01	1.000000e-01	-1.624386e-03
1.284869501116651e-01	1.000000e-01	-2.901311e-03
1.333697626116651e-01	1.000000e-01	-4.071146e-03
1.382525751116651e-01	1.000000e-01	-5.140566e-03
1.431353876116651e-01	1.000000e-01	-6.115874e-03
1.480182001116651e-01	1.000000e-01	-7.003021e-03
1.529010126116651e-01	1.000000e-01	-7.807626e-03
1.577838251116651e-01	1.000000e-01	-8.534992e-03
1.626666376116651e-01	1.000000e-01	-9.190122e-03
1.724322626116651e-01	1.000000e-01	-1.030229e-02
1.821978876116651e-01	1.000000e-01	-1.117876e-02
1.919635126116651e-01	1.000000e-01	-1.185032e-02
2.017291376116651e-01	1.000000e-01	-1.234428e-02
2.163775751116651e-01	1.000000e-01	-1.280449e-02
2.310260126116651e-01	1.000000e-01	-1.298942e-02
2.456744501116651e-01	1.000000e-01	-1.295760e-02
2.603228876116651e-01	1.000000e-01	-1.275752e-02
2.749713251116651e-01	1.000000e-01	-1.242918e-02
2.896197626116651e-01	1.000000e-01	-1.200547e-02
3.042682001116651e-01	1.000000e-01	-1.151327e-02
3.237994501116651e-01	1.000000e-01	-1.078758e-02
3.433307001116651e-01	1.000000e-01	-1.001895e-02
3.628619501116651e-01	1.000000e-01	-9.237305e-03
3.823932001116651e-01	1.000000e-01	-8.464409e-03
4.068072626116651e-01	1.000000e-01	-7.533509e-03
4.312213251116651e-01	1.000000e-01	-6.659442e-03
4.605182001116651e-01	1.000000e-01	-5.700456e-03
4.898150751116651e-01	1.000000e-01	-4.846318e-03
5.239947626116651e-01	1.000000e-01	-3.981529e-03
5.581744501116651e-01	1.000000e-01	-3.250076e-03
5.923541376116651e-01	1.000000e-01	-2.638778e-03
6.265338251116651e-01	1.000000e-01	-2.132758e-03
6.655963251116651e-01	1.000000e-01	-1.664297e-03
7.046588251116651e-01	1.000000e-01	-1.293235e-03
7.486041376116651e-01	1.000000e-01	-9.695652e-04
7.974322626116651e-01	1.000000e-01	-7.008961e-04
8.560260126116651e-01	1.000000e-01	-4.724493e-04
9.243853876116651e-01	1.000000e-01	-2.965493e-04
1.000000000100000e+00	1.000000e-01	-1.762098e-04
1.000000000130000e+00	7.000000e-02	-2.113904e-04
1.000000000159334e+00	4.066635e-02	-2.936680e-04
1.000000000200000e+00	0.000000e+00	-4.854940e-04
1.000000000567532e+00	0.000000e+00	-2.701925e-03
1.000000000940898e+00	0.000000e+00	-4.889507e-03
1.000000001687630e+00	0.000000e+00	-9.080314e-03
1.000000003181093e+00	0.000000e+00	-1.678394e-02
1.000000006168020e+00	0.000000e+00	-2.988890e-02
1.000000012102692e+00	0.000000e+00	-5.032578e-02
1.000000018126971e+00	0.000000e+00	-6.509720e-02
1.000000026351237e+00	0.000000e+00	-7.809456e-02
1.000000034751483e+00	0.000000e+00	-8.611602e-02
1.000000046140115e+00	0.000000e+00	-9.199002e-02
1.000000058599009e+00	0.000000e+00	-9.513967e-02
1.000000075833482e+00	0.000000e+00	-9.689447e-02
1.000000096431248e+00	0.000000e+00	-9.759142e-02
1.000000776353277e+00	0.000000e+00	-9.786012e-02
1.005659862376593e+00	0.000000e+00	-8.880336e-02
1.015425487376593e+00	0.000000e+00	-7.459290e-02
1.020308299876593e+00	0.000000e+00	-6.812179e-02
1.025191112376593e+00	0.000000e+00	-6.205817e-02
1.030073924876593e+00	0.000000e+00	-5.637928e-02
1.034956737376593e+00	0.000000e+00	-5.106355e-02
1.039839549876593e+00	0.000000e+00	-4.609055e-02
1.044722362376593e+00	0.000000e+00	-4.144092e-02
1.049605174876593e+00	0.000000e+00	-3.709634e-02
1.054487987376593e+00	0.000000e+00	-3.303944e-02
1.059370799876593e+00	0.000000e+00	-2.925379e-02
1.064253612376593e+00	0.000000e+00	-2.572382e-02
1.069136424876593e+00	0.000000e+00	-2.243482e-02
1.074019237376593e+00	0.000000e+00	-1.937282e-02
1.078902049876593e+00	0.000000e+00	-1.652463e-02
1.083784862376593e+00	0.000000e+00	-1.387777e-02
1.088667674876593e+00	0.000000e+00	-1.142041e-02
1.093550487376593e+00	0.000000e+00	-9.141387e-03
1.098433299876593e+00	0.000000e+00	-7.030115e-03
1.103316112376593e+00	0.000000e+00	-5.076598e-03
1.108198924876593e+00	0.000000e+00	-3.271381e-03
1.113081737376593e+00	0.000000e+00	-1.605522e-03
1.117964549876593e+00	0.000000e+00	-7.057152e-05
1.122847362376593e+00	0.000000e+00	1.341459e-03
1.127730174876593e+00	0.000000e+00	2.638116e-03
1.132612987376593e+00	0.000000e+00	3.826531e-03
1.137495799876593e+00	0.000000e+00	4.913441e-03
1.142378612376593e+00	0.000000e+00	5.905207e-03
1.147261424876593e+00	0.000000e+00	6.807836e-03
1.152144237376593e+00	0.000000e+00	7.627001e-03
1.157027049876593e+00	0.000000e+00	8.368053e-03
1.161909862376593e+00	0.000000e+00	9.036046e-03
1.171675487376593e+00	0.000000e+00	1.017164e-02
1.181441112376593e+00	0.000000e+00	1.106875e-02
1.191206737376593e+00	0.000000e+00	1.175846e-02
1.200972362376593e+00	0.000000e+00	1.226835e-02
1.215620799876593e+00	0.000000e+00	1.274882e-02
1.230269237376593e+00	0.000000e+00	1.295027e-02
1.244917674876593e+00	0.000000e+00	1.293183e-02
1.259566112376593e+00	0.000000e+00	1.274250e-02
1.274214549876593e+00	0.000000e+00	1.242274e-02
1.288862987376593e+00	0.000000e+00	1.200579e-02
1.303511424876593e+00	0.000000e+00	1.151884e-02
1.323042674876593e+00	0.000000e+00	1.079827e-02
1.342573924876593e+00	0.000000e+00	1.003303e-02
1.362105174876593e+00	0.000000e+00	9.253503e-03
1.381636424876593e+00	0.000000e+00	8.481739e-03
1.406050487376593e+00	0.000000e+00	7.551257e-03
1.430464549876593e+00	0.000000e+00	6.676845e-03
1.459761424876593e+00	0.000000e+00	5.716816e-03
1.489058299876593e+00	0.000000e+00	4.861255e-03
1.523237987376593e+00	0.000000e+00	3.994612e-03
1.557417674876593e+00	0.000000e+00	3.261298e-03
1.591597362376593e+00	0.000000e+00	2.648253e-03
1.625777049876593e+00	0.000000e+00	2.140658e-03
1.664839549876593e+00	0.000000e+00	1.670637e-03
1.703902049876593e+00	0.000000e+00	1.298269e-03
1.747847362376593e+00	0.000000e+00	9.734079e-04
1.796675487376593e+00	0.000000e+00	7.037113e-04
1.855269237376593e+00	0.000000e+00	4.743616e-04
1.923628612376593e+00	0.000000e+00	2.977468e-04
2.000000000000000e+00	0.000000e+00	1.758865e-04
2.000000000030000e+00	3.000000e-02	2.110643e-04
2.000000000059312e+00	5.931167e-02	2.932551e-04
2.000000000100000e+00	1.000000e-01	4.851715e-04
2.000000000467234e+00	1.000000e-01	2.699836e-03
2.000000000840298e+00	1.000000e-01	4.885727e-03
2.000000001586426e+00	1.000000e-01	9.073435e-03
2.000000003078680e+00	1.000000e-01	1.677187e-02
2.000000006063190e+00	1.000000e-01	2.986886e-02
2.000000011997808e+00	1.000000e-01	5.031131e-02
2.000000018020183e+00	1.000000e-01	6.508334e-02
2.000000026244551e+00	1.000000e-01	7.808618e-02
2.000000034642437e+00	1.000000e-01	8.610934e-02
2.000000046030526e+00	1.000000e-01	9.198635e-02
2.000000058485892e+00	1.000000e-01	9.513729e-02
2.000000075718365e+00	1.000000e-01	9.689335e-02
2.000000096309239e+00	1.000000e-01	9.759085e-02
2.000000775886886e+00	1.000000e-01	9.785990e-02
2.005656910643022e+00	1.000000e-01	8.880769e-02
2.015422535643022e+00	1.000000e-01	7.459673e-02
2.020305348143022e+00	1.000000e-01	6.812537e-02
2.025188160643022e+00	1.000000e-01	6.206152e-02
2.030070973143022e+00	1.000000e-01	5.638241e-02
2.034953785643022e+00	1.000000e-01	5.106647e-02
2.039836598143022e+00	1.000000e-01	4.609327e-02
2.044719410643022e+00	1.000000e-01	4.144346e-02
2.049602223143022e+00	1.000000e-01	3.709870e-02
2.054485035643022e+00	1.000000e-01	3.304163e-02
2.059367848143022e+00	1.000000e-01	2.925583e-02
2.064250660643022e+00	1.000000e-01	2.572572e-02
2.069133473143022e+00	1.000000e-01	2.243658e-02
2.074016285643022e+00	1.000000e-01	1.937445e-02
2.078899098143022e+00	1.000000e-01	1.652614e-02
2.083781910643022e+00	1.000000e-01	1.387916e-02
2.088664723143022e+00	1.000000e-01	1.142170e-02
2.093547535643022e+00	1.000000e-01	9.142572e-03
2.098430348143022e+00	1.000000e-01	7.031205e-03
2.103313160643022e+00	1.000000e-01	5.077599e-03
2.108195973143022e+00	1.000000e-01	3.272298e-03
2.113078785643022e+00	1.000000e-01	1.606360e-03
2.117961598143022e+00	1.000000e-01	7.133571e-05
2.122844410643022e+00	1.000000e-01	-1.340764e-03
2.127727223143022e+00	1.000000e-01	-2.637486e-03
2.132610035643022e+00	1.000000e-01	-3.825962e-03
2.137492848143022e+00	1.000000e-01	-4.912928e-03
2.142375660643022e+00	1.000000e-01	-5.904747e-03
2.147258473143022e+00	1.000000e-01	-6.807427e-03
2.152141285643022e+00	1.000000e-01	-7.626638e-03
2.157024098143022e+00	1.000000e-01	-8.367734e-03
2.161906910643022e+00	1.000000e-01	-9.035766e-03
2.171672535643022e+00	1.000000e-01	-1.017143e-02
2.181438160643022e+00	1.000000e-01	-1.106861e-02
2.191203785643022e+00	1.000000e-01	-1.175837e-02
2.200969410643022e+00	1.000000e-01	-1.226831e-02
2.215617848143022e+00	1.000000e-01	-1.274884e-02
2.230266285643022e+00	1.000000e-01	-1.295033e-02
2.244914723143022e+00	1.000000e-01	-1.293192e-02
2.259563160643022e+00	1.000000e-01	-1.274263e-02
2.274211598143022e+00	1.000000e-01	-1.242288e-02
2.288860035643022e+00	1.000000e-01	-1.200594e-02
2.303508473143022e+00	1.000000e-01	-1.151900e-02
2.323039723143022e+00	1.000000e-01	-1.079844e-02
2.342570973143022e+00	1.000000e-01	-1.003320e-02
2.362102223143022e+00	1.000000e-01	-9.253670e-03
2.381633473143022e+00	1.000000e-01	-8.481900e-03
2.406047535643022e+00	1.000000e-01	-7.551409e-03
2.430461598143022e+00	1.000000e-01	-6.676986e-03
2.459758473143022e+00	1.000000e-01	-5.716943e-03
2.489055348143022e+00	1.000000e-01	-4.861370e-03
2.523235035643022e+00	1.000000e-01	-3.994712e-03
2.557414723143022e+00	1.000000e-01	-3.261384e-03
2.591594410643022e+00	1.000000e-01	-2.648326e-03
2.625774098143022e+00	1.000000e-01	-2.140721e-03
2.664836598143022e+00	1.000000e-01	-1.670690e-03
2.703899098143022e+00	1.000000e-01	-1.298313e-03
2.747844410643022e+00	1.000000e-01	-9.734445e-04
2.796672535643022e+00	1.000000e-01	-7.037410e-04
2.855266285643022e+00	1.000000e-01	-4.743849e-04
2.923625660643022e+00	1.000000e-01	-2.977647e-04
3.000000000100000e+00	1.000000e-01	-1.758960e-04
3.000000000130000e+00	7.000000e-02	-2.110737e-04
3.000000000159312e+00	4.068833e-02	-2.932641e-04
3.000000000200000e+00	0.000000e+00	-4.851796e-04
3.000000000567232e+00	0.000000e+00	-2.699829e-03
3.000000000940293e+00	0.000000e+00	-4.885704e-03
3.000000001686415e+00	0.000000e+00	-9.073385e-03
3.000000003178660e+00	0.000000e+00	-1.677177e-02
3.000000006163148e+00	0.000000e+00	-2.986869e-02
3.000000012097765e+00	0.000000e+00	-5.031119e-02
3.000000018120123e+00	0.000000e+00	-6.508322e-02
3.000000026344492e+00	0.000000e+00	-7.808611e-02
3.000000034742357e+00	0.000000e+00	-8.610929e-02
3.000000046130440e+00	0.000000e+00	-9.198633e-02
3.000000058585775e+00	0.000000e+00	-9.513728e-02
3.000000075818230e+00	0.000000e+00	-9.689336e-02
3.000000096409043e+00	0.000000e+00	-9.759086e-02
3.000000775983595e+00	0.000000e+00	-9.785991e-02
3.005656884221563e+00	0.000000e+00	-8.880775e-02
3.015422509221563e+00	0.000000e+00	-7.459677e-02
3.020305321721563e+00	0.000000e+00	-6.812541e-02
3.025188134221563e+00	0.000000e+00	-6.206156e-02
3.030070946721563e+00	0.000000e+00	-5.638245e-02
3.034953759221563e+00	0.000000e+00	-5.106651e-02
3.039836571721563e+00	0.000000e+00	-4.609331e-02
3.044719384221563e+00	0.000000e+00	-4.144349e-02
3.049602196721563e+00	0.000000e+00	-3.709873e-02
3.054485009221563e+00	0.000000e+00	-3.304166e-02
3.059367821721563e+00	0.000000e+00	-2.925586e-02
3.064250634221563e+00	0.000000e+00	-2.572575e-02
3.069133446721563e+00	0.000000e+00	-2.243660e-02
3.074016259221563e+00	0.000000e+00	-1.937447e-02
3.078899071721563e+00	0.000000e+00	-1.652616e-02
3.083781884221563e+00	0.000000e+00	-1.387919e-02
3.088664696721563e+00	0.000000e+00	-1.142172e-02
3.093547509221563e+00	0.000000e+00	-9.142593e-03
3.098430321721563e+00	0.000000e+00	-7.031225e-03
3.103313134221563e+00	0.000000e+00	-5.077617e-03
3.108195946721563e+00	0.000000e+00	-3.272315e-03
3.113078759221563e+00	0.000000e+00	-1.606377e-03
3.117961571721563e+00	0.000000e+00	-7.135152e-05
3.122844384221563e+00	0.000000e+00	1.340749e-03
3.127727196721563e+00	0.000000e+00	2.637471e-03
3.132610009221563e+00	0.000000e+00	3.825948e-03
3.137492821721563e+00	0.000000e+00	4.912915e-03
3.142375634221563e+00	0.000000e+00	5.904735e-03
3.147258446721563e+00	0.000000e+00	6.807415e-03
3.152141259221563e+00	0.000000e+00	7.626626e-03
3.157024071721563e+00	0.000000e+00	8.367723e-03
3.161906884221563e+00	0.000000e+00	9.035755e-03
3.171672509221563e+00	0.000000e+00	1.017142e-02
3.181438134221563e+00	0.000000e+00	1.106860e-02
3.191203759221563e+00	0.000000e+00	1.175836e-02
3.200969384221563e+00	0.000000e+00	1.226830e-02
3.215617821721563e+00	0.000000e+00	1.274883e-02
3.230266259221563e+00	0.000000e+00	1.295032e-02
3.244914696721563e+00	0.000000e+00	1.293192e-02
3.259563134221563e+00	0.000000e+00	1.274262e-02
3.274211571721563e+00	0.000000e+00	1.242288e-02
3.288860009221563e+00	0.000000e+00	1.200594e-02
3.303508446721563e+00	0.000000e+00	1.151900e-02
3.323039696721563e+00	0.000000e+00	1.079843e-02
3.342570946721563e+00	0.000000e+00	1.003320e-02
3.362102196721563e+00	0.000000e+00	9.253667e-03
3.381633446721563e+00	0.000000e+00	8.481897e-03
3.406047509221563e+00	0.000000e+00	7.551406e-03
3.430461571721563e+00	0.000000e+00	6.676983e-03
3.459758446721563e+00	0.000000e+00	5.716940e-03
3.489055321721563e+00	0.000000e+00	4.861367e-03
3.523235009221563e+00	0.000000e+00	3.994709e-03
3.557414696721563e+00	0.000000e+00	3.261381e-03
3.591594384221563e+00	0.000000e+00	2.648324e-03
3.625774071721563e+00	0.000000e+00	2.140719e-03
3.664836571721563e+00	0.000000e+00	1.670688e-03
3.703899071721563e+00	0.000000e+00	1.298311e-03
3.747844384221563e+00	0.000000e+00	9.734426e-04
3.796672509221563e+00	0.000000e+00	7.037392e-04
3.855266259221563e+00	0.000000e+00	4.743833e-04
3.923625634221563e+00	0.000000e+00	2.977634e-04
4.000000000000000e+00	0.000000e+00	1.758948e-04
4.000000000030000e+00	3.000000e-02	2.110723e-04
4.000000000059312e+00	5.931167e-02	2.932622e-04
4.000000000100000e+00	1.000000e-01	4.851797e-04
4.000000000467225e+00	1.000000e-01	2.699791e-03
4.000000000840280e+00	1.000000e-01	4.885629e-03
4.000000001586389e+00	1.000000e-01	9.073243e-03
4.000000003078607e+00	1.000000e-01	1.677152e-02
4.000000006063043e+00	1.000000e-01	2.986826e-02
4.000000011997659e+00	1.000000e-01	5.031088e-02
4.000000018019976e+00	1.000000e-01	6.508293e-02
4.000000026244347e+00	1.000000e-01	7.808594e-02
4.000000034642161e+00	1.000000e-01	8.610915e-02
4.000000046030233e+00	1.000000e-01	9.198625e-02
4.000000058485491e+00	1.000000e-01	9.513724e-02
4.000000075717904e+00	1.000000e-01	9.689333e-02
4.000000096308567e+00	1.000000e-01	9.759084e-02
4.000000775875717e+00	1.000000e-01	9.785990e-02
4.005656820691561e+00	1.000000e-01	8.880784e-02
4.015422445691561e+00	1.000000e-01	7.459685e-02
4.020305258191561e+00	1.000000e-01	6.812549e-02
4.025188070691561e+00	1.000000e-01	6.206164e-02
4.030070883191561e+00	1.000000e-01	5.638252e-02
4.034953695691561e+00	1.000000e-01	5.106657e-02
4.039836508191561e+00	1.000000e-01	4.609337e-02
4.044719320691561e+00	1.000000e-01	4.144355e-02
4.049602133191561e+00	1.000000e-01	3.709878e-02
4.054484945691561e+00	1.000000e-01	3.304172e-02
4.059367758191561e+00	1.000000e-01	2.925590e-02
4.064250570691561e+00	1.000000e-01	2.572579e-02
4.069133383191561e+00	1.000000e-01	2.243664e-02
4.074016195691561e+00	1.000000e-01	1.937451e-02
4.078899008191561e+00	1.000000e-01	1.652620e-02
4.083781820691561e+00	1.000000e-01	1.387922e-02
4.088664633191561e+00	1.000000e-01	1.142175e-02
4.093547445691561e+00	1.000000e-01	9.142620e-03
4.098430258191561e+00	1.000000e-01	7.031250e-03
4.103313070691561e+00	1.000000e-01	5.077641e-03
4.108195883191561e+00	1.000000e-01	3.272337e-03
4.113078695691561e+00	1.000000e-01	1.606397e-03
4.117961508191561e+00	1.000000e-01	7.136971e-05
4.122844320691561e+00	1.000000e-01	-1.340732e-03
4.127727133191561e+00	1.000000e-01	-2.637456e-03
4.132609945691561e+00	1.000000e-01	-3.825934e-03
4.137492758191561e+00	1.000000e-01	-4.912903e-03
4.142375570691561e+00	1.000000e-01	-5.904723e-03
4.147258383191561e+00	1.000000e-01	-6.807405e-03
4.152141195691561e+00	1.000000e-01	-7.626617e-03
4.157024008191561e+00	1.000000e-01	-8.367714e-03
4.161906820691561e+00	1.000000e-01	-9.035748e-03
4.171672445691561e+00	1.000000e-01	-1.017142e-02
4.181438070691561e+00	1.000000e-01	-1.106859e-02
4.191203695691561e+00	1.000000e-01	-1.175836e-02
4.200969320691561e+00	1.000000e-01	-1.226830e-02
4.215617758191561e+00	1.000000e-01	-1.274883e-02
4.230266195691561e+00	1.000000e-01	-1.295032e-02
4.244914633191561e+00	1.000000e-01	-1.293192e-02
4.259563070691561e+00	1.000000e-01	-1.274262e-02
4.274211508191561e+00	1.000000e-01	-1.242288e-02
4.288859945691561e+00	1.000000e-01	-1.200594e-02
4.303508383191561e+00	1.000000e-01	-1.151900e-02
4.323039633191561e+00	1.000000e-01	-1.079843e-02
4.342570883191561e+00	1.000000e-01	-1.003320e-02
4.362102133191561e+00	1.000000e-01	-9.253670e-03
4.381633383191561e+00	1.000000e-01	-8.481900e-03
4.406047445691561e+00	1.000000e-01	-7.551409e-03
4.430461508191561e+00	1.000000e-01	-6.676986e-03
4.459758383191561e+00	1.000000e-01	-5.716943e-03
4.489055258191561e+00	1.000000e-01	-4.861369e-03
4.523234945691561e+00	1.000000e-01	-3.994711e-03
4.557414633191561e+00	1.000000e-01	-3.261383e-03
4.591594320691561e+00	1.000000e-01	-2.648325e-03
4.625774008191561e+00	1.000000e-01	-2.140720e-03
4.664836508191561e+00	1.000000e-01	-1.670689e-03
4.703899008191561e+00	1.000000e-01	-1.298312e-03
4.747844320691561e+00	1.000000e-01	-9.734433e-04
4.796672445691561e+00	1.000000e-01	-7.037398e-04
4.855266195691561e+00	1.000000e-01	-4.743837e-04
4.923625570691561e+00	1.000000e-01	-2.977637e-04
4.995117187600000e+00	1.000000e-01	-1.820246e-04
5.000000000000000e+00	1.000000e-01	-1.758949e-04
Step Information: Routput=5K  (Step: 3/5)
0.000000000000000e+00	0.000000e+00	0.000000e+00
2.556502884272082e-11	2.556503e-02	2.470789e-05
5.014205819204942e-11	5.014206e-02	9.559174e-05
1.000000000000000e-10	1.000000e-01	3.063121e-04
4.589803857396228e-10	1.000000e-01	2.472655e-03
8.193685376978323e-10	1.000000e-01	4.587392e-03
1.540144841614251e-09	1.000000e-01	8.644590e-03
2.981697449447089e-09	1.000000e-01	1.612366e-02
5.864802665112766e-09	1.000000e-01	2.917655e-02
9.940472297319907e-09	1.000000e-01	4.439238e-02
1.434233168701075e-08	1.000000e-01	5.705644e-02
2.026458973961884e-08	1.000000e-01	6.930596e-02
2.779419020989046e-08	1.000000e-01	7.966732e-02
3.775196382823085e-08	1.000000e-01	8.787858e-02
4.887282618140593e-08	1.000000e-01	9.276776e-02
6.304363572806389e-08	1.000000e-01	9.562534e-02
8.013336887727742e-08	1.000000e-01	9.697603e-02
1.038735182679138e-07	1.000000e-01	9.753218e-02
1.132979392123815e-02	1.000000e-01	8.029903e-02
1.621260642123815e-02	1.000000e-01	7.350288e-02
2.109541892123815e-02	1.000000e-01	6.713020e-02
2.597823142123815e-02	1.000000e-01	6.115748e-02
3.086104392123815e-02	1.000000e-01	5.556246e-02
3.574385642123815e-02	1.000000e-01	5.032404e-02
4.062666892123815e-02	1.000000e-01	4.542223e-02
4.550948142123815e-02	1.000000e-01	4.083808e-02
5.039229392123815e-02	1.000000e-01	3.655366e-02
5.527510642123815e-02	1.000000e-01	3.255197e-02
6.015791892123815e-02	1.000000e-01	2.881691e-02
6.504073142123815e-02	1.000000e-01	2.533325e-02
6.992354392123815e-02	1.000000e-01	2.208655e-02
7.480635642123815e-02	1.000000e-01	1.906314e-02
7.968916892123815e-02	1.000000e-01	1.625011e-02
8.457198142123815e-02	1.000000e-01	1.363519e-02
8.945479392123815e-02	1.000000e-01	1.120682e-02
9.433760642123815e-02	1.000000e-01	8.954028e-03
9.922041892123815e-02	1.000000e-01	6.866446e-03
1.041032314212381e-01	1.000000e-01	4.934264e-03
1.089860439212381e-01	1.000000e-01	3.148205e-03
1.138688564212381e-01	1.000000e-01	1.499495e-03
1.187516689212381e-01	1.000000e-01	-2.016008e-05
1.236344814212381e-01	1.000000e-01	-1.418603e-03
1.285172939212381e-01	1.000000e-01	-2.703245e-03
1.334001064212381e-01	1.000000e-01	-3.881090e-03
1.382829189212381e-01	1.000000e-01	-4.958757e-03
1.431657314212381e-01	1.000000e-01	-5.942496e-03
1.480485439212381e-01	1.000000e-01	-6.838212e-03
1.529313564212381e-01	1.000000e-01	-7.651481e-03
1.578141689212381e-01	1.000000e-01	-8.387567e-03
1.626969814212381e-01	1.000000e-01	-9.051437e-03
1.724626064212381e-01	1.000000e-01	-1.018102e-02
1.822282314212381e-01	1.000000e-01	-1.107465e-02
1.919938564212381e-01	1.000000e-01	-1.176292e-02
2.017594814212381e-01	1.000000e-01	-1.227302e-02
2.164079189212381e-01	1.000000e-01	-1.275612e-02
2.310563564212381e-01	1.000000e-01	-1.296216e-02
2.457047939212381e-01	1.000000e-01	-1.294950e-02
2.603532314212381e-01	1.000000e-01	-1.276659e-02
2.750016689212381e-01	1.000000e-01	-1.245344e-02
2.896501064212381e-01	1.000000e-01	-1.204297e-02
3.042985439212381e-01	1.000000e-01	-1.156215e-02
3.238297939212381e-01	1.000000e-01	-1.084893e-02
3.433610439212381e-01	1.000000e-01	-1.008993e-02
3.628922939212381e-01	1.000000e-01	-9.315423e-03
3.824235439212381e-01	1.000000e-01	-8.547458e-03
4.068376064212381e-01	1.000000e-01	-7.620099e-03
4.312516689212381e-01	1.000000e-01	-6.747179e-03
4.605485439212381e-01	1.000000e-01	-5.787112e-03
4.898454189212381e-01	1.000000e-01	-4.929916e-03
5.240251064212381e-01	1.000000e-01	-4.059876e-03
5.582047939212381e-01	1.000000e-01	-3.322090e-03
5.923844814212381e-01	1.000000e-01	-2.703956e-03
6.314469814212381e-01	1.000000e-01	-2.125464e-03
6.705094814212381e-01	1.000000e-01	-1.662662e-03
7.144547939212381e-01	1.000000e-01	-1.255275e-03
7.584001064212381e-01	1.000000e-01	-9.437303e-04
8.121110439212381e-01	1.000000e-01	-6.628439e-04
8.707047939212381e-01	1.000000e-01	-4.487675e-04
9.439469814212381e-01	1.000000e-01	-2.742128e-04
1.000000000100000e+00	1.000000e-01	-1.875826e-04
1.000000000130000e+00	7.000000e-02	-2.227721e-04
1.000000000159335e+00	4.066480e-02	-3.050763e-04
1.000000000200000e+00	0.000000e+00	-4.969433e-04
1.000000000567553e+00	0.000000e+00	-2.714052e-03
1.000000000940940e+00	0.000000e+00	-4.902300e-03
1.000000001687715e+00	0.000000e+00	-9.094371e-03
1.000000003181264e+00	0.000000e+00	-1.680029e-02
1.000000006168362e+00	0.000000e+00	-2.990908e-02
1.000000012103037e+00	0.000000e+00	-5.035067e-02
1.000000018127451e+00	0.000000e+00	-6.512573e-02
1.000000026351709e+00	0.000000e+00	-7.812595e-02
1.000000034752123e+00	0.000000e+00	-8.614929e-02
1.000000046140793e+00	0.000000e+00	-9.202455e-02
1.000000058599936e+00	0.000000e+00	-9.517488e-02
1.000000075834551e+00	0.000000e+00	-9.693003e-02
1.000000096432804e+00	0.000000e+00	-9.762712e-02
1.000000776379193e+00	0.000000e+00	-9.789587e-02
1.005660071163064e+00	0.000000e+00	-8.888387e-02
1.015425696163064e+00	0.000000e+00	-7.473771e-02
1.020308508663064e+00	0.000000e+00	-6.829289e-02
1.025191321163064e+00	0.000000e+00	-6.225191e-02
1.030074133663064e+00	0.000000e+00	-5.659232e-02
1.034956946163064e+00	0.000000e+00	-5.129282e-02
1.039839758663064e+00	0.000000e+00	-4.633324e-02
1.044722571163064e+00	0.000000e+00	-4.169447e-02
1.049605383663064e+00	0.000000e+00	-3.735840e-02
1.054488196163064e+00	0.000000e+00	-3.330788e-02
1.059371008663064e+00	0.000000e+00	-2.952667e-02
1.064253821163064e+00	0.000000e+00	-2.599940e-02
1.069136633663064e+00	0.000000e+00	-2.271149e-02
1.074019446163064e+00	0.000000e+00	-1.964916e-02
1.078902258663064e+00	0.000000e+00	-1.679936e-02
1.083785071163064e+00	0.000000e+00	-1.414973e-02
1.088667883663064e+00	0.000000e+00	-1.168858e-02
1.093550696163064e+00	0.000000e+00	-9.404856e-03
1.098433508663064e+00	0.000000e+00	-7.288080e-03
1.103316321163064e+00	0.000000e+00	-5.328355e-03
1.108199133663064e+00	0.000000e+00	-3.516316e-03
1.113081946163064e+00	0.000000e+00	-1.843106e-03
1.117964758663064e+00	0.000000e+00	-3.003526e-04
1.122847571163064e+00	0.000000e+00	1.119861e-03
1.127730383663064e+00	0.000000e+00	2.425018e-03
1.132613196163064e+00	0.000000e+00	3.622189e-03
1.137496008663064e+00	0.000000e+00	4.718055e-03
1.142378821163064e+00	0.000000e+00	5.718930e-03
1.147261633663064e+00	0.000000e+00	6.630773e-03
1.152144446163064e+00	0.000000e+00	7.459216e-03
1.157027258663064e+00	0.000000e+00	8.209573e-03
1.161910071163064e+00	0.000000e+00	8.886863e-03
1.171675696163064e+00	0.000000e+00	1.004091e-02
1.181441321163064e+00	0.000000e+00	1.095611e-02
1.191206946163064e+00	0.000000e+00	1.166338e-02
1.200972571163064e+00	0.000000e+00	1.219019e-02
1.215621008663064e+00	0.000000e+00	1.269457e-02
1.230269446163064e+00	0.000000e+00	1.291799e-02
1.244917883663064e+00	0.000000e+00	1.291947e-02
1.259566321163064e+00	0.000000e+00	1.274797e-02
1.274214758663064e+00	0.000000e+00	1.244394e-02
1.288863196163064e+00	0.000000e+00	1.204070e-02
1.303511633663064e+00	0.000000e+00	1.156553e-02
1.323042883663064e+00	0.000000e+00	1.085786e-02
1.342574133663064e+00	0.000000e+00	1.010262e-02
1.362105383663064e+00	0.000000e+00	9.330503e-03
1.381636633663064e+00	0.000000e+00	8.563894e-03
1.406050696163064e+00	0.000000e+00	7.637166e-03
1.430464758663064e+00	0.000000e+00	6.764057e-03
1.459761633663064e+00	0.000000e+00	5.803078e-03
1.489058508663064e+00	0.000000e+00	4.944545e-03
1.523238196163064e+00	0.000000e+00	4.072713e-03
1.557417883663064e+00	0.000000e+00	3.333100e-03
1.591597571163064e+00	0.000000e+00	2.713234e-03
1.630660071163064e+00	0.000000e+00	2.132964e-03
1.669722571163064e+00	0.000000e+00	1.668635e-03
1.713667883663064e+00	0.000000e+00	1.259826e-03
1.757613196163064e+00	0.000000e+00	9.471470e-04
1.806441321163064e+00	0.000000e+00	6.870473e-04
1.865035071163064e+00	0.000000e+00	4.652587e-04
1.933394446163064e+00	0.000000e+00	2.938324e-04
2.000000000000000e+00	0.000000e+00	1.869935e-04
2.000000000030000e+00	3.000000e-02	2.221801e-04
2.000000000059312e+00	5.931167e-02	3.043915e-04
2.000000000100000e+00	1.000000e-01	4.963558e-04
2.000000000467235e+00	1.000000e-01	2.711575e-03
2.000000000840298e+00	1.000000e-01	4.898011e-03
2.000000001586427e+00	1.000000e-01	9.086767e-03
2.000000003078682e+00	1.000000e-01	1.678713e-02
2.000000006063194e+00	1.000000e-01	2.988738e-02
2.000000011997811e+00	1.000000e-01	5.033493e-02
2.000000018020188e+00	1.000000e-01	6.511065e-02
2.000000026244555e+00	1.000000e-01	7.811673e-02
2.000000034642442e+00	1.000000e-01	8.614189e-02
2.000000046030531e+00	1.000000e-01	9.202037e-02
2.000000058485899e+00	1.000000e-01	9.517210e-02
2.000000075718374e+00	1.000000e-01	9.692859e-02
2.000000096309252e+00	1.000000e-01	9.762625e-02
2.000000775887111e+00	1.000000e-01	9.789538e-02
2.005656912466339e+00	1.000000e-01	8.888824e-02
2.015422537466339e+00	1.000000e-01	7.474155e-02
2.020305349966339e+00	1.000000e-01	6.829647e-02
2.025188162466339e+00	1.000000e-01	6.225526e-02
2.030070974966339e+00	1.000000e-01	5.659543e-02
2.034953787466339e+00	1.000000e-01	5.129571e-02
2.039836599966339e+00	1.000000e-01	4.633592e-02
2.044719412466339e+00	1.000000e-01	4.169696e-02
2.049602224966339e+00	1.000000e-01	3.736071e-02
2.054485037466339e+00	1.000000e-01	3.331001e-02
2.059367849966339e+00	1.000000e-01	2.952864e-02
2.064250662466339e+00	1.000000e-01	2.600121e-02
2.069133474966339e+00	1.000000e-01	2.271316e-02
2.074016287466339e+00	1.000000e-01	1.965070e-02
2.078899099966339e+00	1.000000e-01	1.680077e-02
2.083781912466339e+00	1.000000e-01	1.415102e-02
2.088664724966339e+00	1.000000e-01	1.168976e-02
2.093547537466339e+00	1.000000e-01	9.405931e-03
2.098430349966339e+00	1.000000e-01	7.289056e-03
2.103313162466339e+00	1.000000e-01	5.329237e-03
2.108195974966339e+00	1.000000e-01	3.517111e-03
2.113078787466339e+00	1.000000e-01	1.843819e-03
2.117961599966339e+00	1.000000e-01	3.009891e-04
2.122844412466339e+00	1.000000e-01	-1.119297e-03
2.127727224966339e+00	1.000000e-01	-2.424520e-03
2.132610037466339e+00	1.000000e-01	-3.621754e-03
2.137492849966339e+00	1.000000e-01	-4.717680e-03
2.142375662466339e+00	1.000000e-01	-5.718609e-03
2.147258474966339e+00	1.000000e-01	-6.630504e-03
2.152141287466339e+00	1.000000e-01	-7.458994e-03
2.157024099966339e+00	1.000000e-01	-8.209396e-03
2.161906912466339e+00	1.000000e-01	-8.886727e-03
2.171672537466339e+00	1.000000e-01	-1.004085e-02
2.181438162466339e+00	1.000000e-01	-1.095612e-02
2.191203787466339e+00	1.000000e-01	-1.166344e-02
2.200969412466339e+00	1.000000e-01	-1.219029e-02
2.215617849966339e+00	1.000000e-01	-1.269473e-02
2.230266287466339e+00	1.000000e-01	-1.291820e-02
2.244914724966339e+00	1.000000e-01	-1.291971e-02
2.259563162466339e+00	1.000000e-01	-1.274823e-02
2.274211599966339e+00	1.000000e-01	-1.244422e-02
2.288860037466339e+00	1.000000e-01	-1.204099e-02
2.303508474966339e+00	1.000000e-01	-1.156582e-02
2.323039724966339e+00	1.000000e-01	-1.085816e-02
2.342570974966339e+00	1.000000e-01	-1.010292e-02
2.362102224966339e+00	1.000000e-01	-9.330790e-03
2.381633474966339e+00	1.000000e-01	-8.564170e-03
2.406047537466339e+00	1.000000e-01	-7.637428e-03
2.430461599966339e+00	1.000000e-01	-6.764303e-03
2.459758474966339e+00	1.000000e-01	-5.803304e-03
2.489055349966339e+00	1.000000e-01	-4.944752e-03
2.523235037466339e+00	1.000000e-01	-4.072898e-03
2.557414724966339e+00	1.000000e-01	-3.333264e-03
2.591594412466339e+00	1.000000e-01	-2.713381e-03
2.630656912466339e+00	1.000000e-01	-2.133093e-03
2.669719412466339e+00	1.000000e-01	-1.668747e-03
2.713664724966339e+00	1.000000e-01	-1.259924e-03
2.757610037466339e+00	1.000000e-01	-9.472317e-04
2.806438162466339e+00	1.000000e-01	-6.871203e-04
2.865031912466339e+00	1.000000e-01	-4.653202e-04
2.933391287466339e+00	1.000000e-01	-2.938833e-04
3.000000000100000e+00	1.000000e-01	-1.870316e-04
3.000000000130000e+00	7.000000e-02	-2.222181e-04
3.000000000159312e+00	4.068833e-02	-3.044290e-04
3.000000000200000e+00	0.000000e+00	-4.963924e-04
3.000000000567232e+00	0.000000e+00	-2.711594e-03
3.000000000940293e+00	0.000000e+00	-4.898015e-03
3.000000001686415e+00	0.000000e+00	-9.086741e-03
3.000000003178660e+00	0.000000e+00	-1.678705e-02
3.000000006163148e+00	0.000000e+00	-2.988723e-02
3.000000012097765e+00	0.000000e+00	-5.033484e-02
3.000000018120123e+00	0.000000e+00	-6.511056e-02
3.000000026344492e+00	0.000000e+00	-7.811669e-02
3.000000034742357e+00	0.000000e+00	-8.614186e-02
3.000000046130440e+00	0.000000e+00	-9.202038e-02
3.000000058585775e+00	0.000000e+00	-9.517211e-02
3.000000075818230e+00	0.000000e+00	-9.692862e-02
3.000000096409043e+00	0.000000e+00	-9.762630e-02
3.000000775983612e+00	0.000000e+00	-9.789543e-02
3.005656884360333e+00	0.000000e+00	-8.888832e-02
3.015422509360333e+00	0.000000e+00	-7.474163e-02
3.020305321860333e+00	0.000000e+00	-6.829654e-02
3.025188134360333e+00	0.000000e+00	-6.225532e-02
3.030070946860333e+00	0.000000e+00	-5.659550e-02
3.034953759360333e+00	0.000000e+00	-5.129578e-02
3.039836571860333e+00	0.000000e+00	-4.633599e-02
3.044719384360333e+00	0.000000e+00	-4.169702e-02
3.049602196860333e+00	0.000000e+00	-3.736076e-02
3.054485009360333e+00	0.000000e+00	-3.331007e-02
3.059367821860333e+00	0.000000e+00	-2.952870e-02
3.064250634360333e+00	0.000000e+00	-2.600127e-02
3.069133446860333e+00	0.000000e+00	-2.271321e-02
3.074016259360333e+00	0.000000e+00	-1.965075e-02
3.078899071860333e+00	0.000000e+00	-1.680082e-02
3.083781884360333e+00	0.000000e+00	-1.415107e-02
3.088664696860333e+00	0.000000e+00	-1.168981e-02
3.093547509360333e+00	0.000000e+00	-9.405974e-03
3.098430321860333e+00	0.000000e+00	-7.289099e-03
3.103313134360333e+00	0.000000e+00	-5.329279e-03
3.108195946860333e+00	0.000000e+00	-3.517152e-03
3.113078759360333e+00	0.000000e+00	-1.843859e-03
3.117961571860333e+00	0.000000e+00	-3.010278e-04
3.122844384360333e+00	0.000000e+00	1.119259e-03
3.127727196860333e+00	0.000000e+00	2.424484e-03
3.132610009360333e+00	0.000000e+00	3.621718e-03
3.137492821860333e+00	0.000000e+00	4.717645e-03
3.142375634360333e+00	0.000000e+00	5.718574e-03
3.147258446860333e+00	0.000000e+00	6.630470e-03
3.152141259360333e+00	0.000000e+00	7.458962e-03
3.157024071860333e+00	0.000000e+00	8.209364e-03
3.161906884360333e+00	0.000000e+00	8.886696e-03
3.171672509360333e+00	0.000000e+00	1.004082e-02
3.181438134360333e+00	0.000000e+00	1.095609e-02
3.191203759360333e+00	0.000000e+00	1.166341e-02
3.200969384360333e+00	0.000000e+00	1.219026e-02
3.215617821860333e+00	0.000000e+00	1.269470e-02
3.230266259360333e+00	0.000000e+00	1.291817e-02
3.244914696860333e+00	0.000000e+00	1.291969e-02
3.259563134360333e+00	0.000000e+00	1.274821e-02
3.274211571860333e+00	0.000000e+00	1.244420e-02
3.288860009360333e+00	0.000000e+00	1.204097e-02
3.303508446860333e+00	0.000000e+00	1.156580e-02
3.323039696860333e+00	0.000000e+00	1.085814e-02
3.342570946860333e+00	0.000000e+00	1.010290e-02
3.362102196860333e+00	0.000000e+00	9.330773e-03
3.381633446860333e+00	0.000000e+00	8.564154e-03
3.406047509360333e+00	0.000000e+00	7.637412e-03
3.430461571860333e+00	0.000000e+00	6.764288e-03
3.459758446860333e+00	0.000000e+00	5.803290e-03
3.489055321860333e+00	0.000000e+00	4.944738e-03
3.523235009360333e+00	0.000000e+00	4.072885e-03
3.557414696860333e+00	0.000000e+00	3.333253e-03
3.591594384360333e+00	0.000000e+00	2.713370e-03
3.630656884360333e+00	0.000000e+00	2.133083e-03
3.669719384360333e+00	0.000000e+00	1.668738e-03
3.713664696860333e+00	0.000000e+00	1.259916e-03
3.757610009360333e+00	0.000000e+00	9.472242e-04
3.806438134360333e+00	0.000000e+00	6.871134e-04
3.865031884360333e+00	0.000000e+00	4.653141e-04
3.933391259360333e+00	0.000000e+00	2.938780e-04
4.000000000000000e+00	0.000000e+00	1.870270e-04
4.000000000030000e+00	3.000000e-02	2.222133e-04
4.000000000059312e+00	5.931167e-02	3.044237e-04
4.000000000100000e+00	1.000000e-01	4.963890e-04
4.000000000467225e+00	1.000000e-01	2.711553e-03
4.000000000840280e+00	1.000000e-01	4.897937e-03
4.000000001586389e+00	1.000000e-01	9.086594e-03
4.000000003078607e+00	1.000000e-01	1.678679e-02
4.000000006063043e+00	1.000000e-01	2.988680e-02
4.000000011997659e+00	1.000000e-01	5.033452e-02
4.000000018019976e+00	1.000000e-01	6.511026e-02
4.000000026244347e+00	1.000000e-01	7.811651e-02
4.000000034642161e+00	1.000000e-01	8.614172e-02
4.000000046030233e+00	1.000000e-01	9.202030e-02
4.000000058485491e+00	1.000000e-01	9.517206e-02
4.000000075717904e+00	1.000000e-01	9.692860e-02
4.000000096308567e+00	1.000000e-01	9.762628e-02
4.000000775875717e+00	1.000000e-01	9.789542e-02
4.005656820678634e+00	1.000000e-01	8.888842e-02
4.015422445678634e+00	1.000000e-01	7.474171e-02
4.020305258178634e+00	1.000000e-01	6.829662e-02
4.025188070678634e+00	1.000000e-01	6.225540e-02
4.030070883178634e+00	1.000000e-01	5.659556e-02
4.034953695678634e+00	1.000000e-01	5.129584e-02
4.039836508178634e+00	1.000000e-01	4.633605e-02
4.044719320678634e+00	1.000000e-01	4.169707e-02
4.049602133178634e+00	1.000000e-01	3.736081e-02
4.054484945678634e+00	1.000000e-01	3.331012e-02
4.059367758178634e+00	1.000000e-01	2.952874e-02
4.064250570678634e+00	1.000000e-01	2.600131e-02
4.069133383178634e+00	1.000000e-01	2.271325e-02
4.074016195678634e+00	1.000000e-01	1.965078e-02
4.078899008178634e+00	1.000000e-01	1.680085e-02
4.083781820678634e+00	1.000000e-01	1.415110e-02
4.088664633178634e+00	1.000000e-01	1.168984e-02
4.093547445678634e+00	1.000000e-01	9.405999e-03
4.098430258178634e+00	1.000000e-01	7.289121e-03
4.103313070678634e+00	1.000000e-01	5.329300e-03
4.108195883178634e+00	1.000000e-01	3.517171e-03
4.113078695678634e+00	1.000000e-01	1.843876e-03
4.117961508178634e+00	1.000000e-01	3.010435e-04
4.122844320678634e+00	1.000000e-01	-1.119245e-03
4.127727133178634e+00	1.000000e-01	-2.424471e-03
4.132609945678634e+00	1.000000e-01	-3.621707e-03
4.137492758178634e+00	1.000000e-01	-4.717635e-03
4.142375570678634e+00	1.000000e-01	-5.718566e-03
4.147258383178634e+00	1.000000e-01	-6.630462e-03
4.152141195678634e+00	1.000000e-01	-7.458955e-03
4.157024008178634e+00	1.000000e-01	-8.209358e-03
4.161906820678634e+00	1.000000e-01	-8.886691e-03
4.171672445678634e+00	1.000000e-01	-1.004081e-02
4.181438070678634e+00	1.000000e-01	-1.095609e-02
4.191203695678634e+00	1.000000e-01	-1.166341e-02
4.200969320678634e+00	1.000000e-01	-1.219026e-02
4.215617758178634e+00	1.000000e-01	-1.269470e-02
4.230266195678634e+00	1.000000e-01	-1.291818e-02
4.244914633178634e+00	1.000000e-01	-1.291969e-02
4.259563070678634e+00	1.000000e-01	-1.274821e-02
4.274211508178634e+00	1.000000e-01	-1.244420e-02
4.288859945678634e+00	1.000000e-01	-1.204097e-02
4.303508383178634e+00	1.000000e-01	-1.156581e-02
4.323039633178634e+00	1.000000e-01	-1.085815e-02
4.342570883178634e+00	1.000000e-01	-1.010291e-02
4.362102133178634e+00	1.000000e-01	-9.330777e-03
4.381633383178634e+00	1.000000e-01	-8.564158e-03
4.406047445678634e+00	1.000000e-01	-7.637417e-03
4.430461508178634e+00	1.000000e-01	-6.764292e-03
4.459758383178634e+00	1.000000e-01	-5.803294e-03
4.489055258178634e+00	1.000000e-01	-4.944742e-03
4.523234945678634e+00	1.000000e-01	-4.072888e-03
4.557414633178634e+00	1.000000e-01	-3.333255e-03
4.591594320678634e+00	1.000000e-01	-2.713372e-03
4.630656820678634e+00	1.000000e-01	-2.133085e-03
4.669719320678634e+00	1.000000e-01	-1.668740e-03
4.713664633178634e+00	1.000000e-01	-1.259917e-03
4.757609945678634e+00	1.000000e-01	-9.472255e-04
4.806438070678634e+00	1.000000e-01	-6.871146e-04
4.865031820678634e+00	1.000000e-01	-4.653150e-04
4.933391195678634e+00	1.000000e-01	-2.938788e-04
4.995117187600000e+00	1.000000e-01	-1.934275e-04
5.000000000000000e+00	1.000000e-01	-1.870275e-04
Step Information: Routput=7.5K  (Step: 4/5)
0.000000000000000e+00	0.000000e+00	0.000000e+00
2.556502884272082e-11	2.556503e-02	2.471338e-05
5.014205819204942e-11	5.014206e-02	9.561297e-05
1.000000000000000e-10	1.000000e-01	3.063801e-04
4.589803857396228e-10	1.000000e-01	2.473204e-03
8.193685376978323e-10	1.000000e-01	4.588410e-03
1.540144841614251e-09	1.000000e-01	8.646509e-03
2.981697449447089e-09	1.000000e-01	1.612724e-02
5.864802665112766e-09	1.000000e-01	2.918126e-02
9.951082540372726e-09	1.000000e-01	4.443195e-02
1.437236458962457e-08	1.000000e-01	5.714206e-02
2.029475603160684e-08	1.000000e-01	6.937404e-02
2.784057582034302e-08	1.000000e-01	7.973618e-02
3.779397163160159e-08	1.000000e-01	8.792390e-02
4.893552963972272e-08	1.000000e-01	9.280696e-02
6.310782250200848e-08	1.000000e-01	9.565484e-02
8.023187664067496e-08	1.000000e-01	9.700178e-02
1.039878819224385e-07	1.000000e-01	9.755512e-02
1.135745352965708e-02	1.000000e-01	8.035690e-02
1.624026602965708e-02	1.000000e-01	7.358988e-02
2.112307852965708e-02	1.000000e-01	6.724274e-02
2.600589102965708e-02	1.000000e-01	6.129226e-02
3.088870352965708e-02	1.000000e-01	5.571645e-02
3.577151602965708e-02	1.000000e-01	5.049444e-02
4.065432852965708e-02	1.000000e-01	4.560647e-02
4.553714102965708e-02	1.000000e-01	4.103382e-02
5.041995352965708e-02	1.000000e-01	3.675875e-02
5.530276602965708e-02	1.000000e-01	3.276444e-02
6.018557852965708e-02	1.000000e-01	2.903498e-02
6.506839102965709e-02	1.000000e-01	2.555528e-02
6.995120352965709e-02	1.000000e-01	2.231108e-02
7.483401602965709e-02	1.000000e-01	1.928883e-02
7.971682852965709e-02	1.000000e-01	1.647575e-02
8.459964102965709e-02	1.000000e-01	1.385971e-02
8.948245352965709e-02	1.000000e-01	1.142924e-02
9.436526602965709e-02	1.000000e-01	9.173474e-03
9.924807852965709e-02	1.000000e-01	7.082152e-03
1.041308910296571e-01	1.000000e-01	5.145549e-03
1.090137035296571e-01	1.000000e-01	3.354468e-03
1.138965160296571e-01	1.000000e-01	1.700214e-03
1.187793285296571e-01	1.000000e-01	1.745604e-04
1.236621410296571e-01	1.000000e-01	-1.230269e-03
1.285449535296571e-01	1.000000e-01	-2.521626e-03
1.334277660296571e-01	1.000000e-01	-3.706462e-03
1.383105785296571e-01	1.000000e-01	-4.791342e-03
1.431933910296571e-01	1.000000e-01	-5.782473e-03
1.480762035296571e-01	1.000000e-01	-6.685718e-03
1.529590160296571e-01	1.000000e-01	-7.506613e-03
1.578418285296571e-01	1.000000e-01	-8.250386e-03
1.627246410296571e-01	1.000000e-01	-8.921976e-03
1.724902660296571e-01	1.000000e-01	-1.006698e-02
1.822558910296571e-01	1.000000e-01	-1.097584e-02
1.920215160296571e-01	1.000000e-01	-1.167899e-02
2.017871410296571e-01	1.000000e-01	-1.220350e-02
2.164355785296571e-01	1.000000e-01	-1.270712e-02
2.310840160296571e-01	1.000000e-01	-1.293215e-02
2.457324535296571e-01	1.000000e-01	-1.293683e-02
2.603808910296571e-01	1.000000e-01	-1.276952e-02
2.750293285296571e-01	1.000000e-01	-1.247023e-02
2.896777660296571e-01	1.000000e-01	-1.207193e-02
3.043262035296571e-01	1.000000e-01	-1.160163e-02
3.238574535296571e-01	1.000000e-01	-1.090006e-02
3.433887035296571e-01	1.000000e-01	-1.015020e-02
3.629199535296571e-01	1.000000e-01	-9.382579e-03
3.824512035296571e-01	1.000000e-01	-8.619532e-03
4.068652660296571e-01	1.000000e-01	-7.695948e-03
4.312793285296571e-01	1.000000e-01	-6.824622e-03
4.605762035296571e-01	1.000000e-01	-5.864206e-03
4.898730785296571e-01	1.000000e-01	-5.004814e-03
5.240527660296571e-01	1.000000e-01	-4.130607e-03
5.582324535296571e-01	1.000000e-01	-3.387581e-03
5.924121410296571e-01	1.000000e-01	-2.763660e-03
6.314746410296571e-01	1.000000e-01	-2.178370e-03
6.705371410296571e-01	1.000000e-01	-1.708943e-03
7.144824535296571e-01	1.000000e-01	-1.294604e-03
7.584277660296571e-01	1.000000e-01	-9.768133e-04
8.072558910296571e-01	1.000000e-01	-7.116562e-04
8.658496410296571e-01	1.000000e-01	-4.847196e-04
9.342090160296571e-01	1.000000e-01	-3.084968e-04
1.000000000100000e+00	1.000000e-01	-1.992605e-04
1.000000000130000e+00	7.000000e-02	-2.344580e-04
1.000000000159337e+00	4.066347e-02	-3.167858e-04
1.000000000200000e+00	0.000000e+00	-5.086904e-04
1.000000000567571e+00	0.000000e+00	-2.726399e-03
1.000000000940977e+00	0.000000e+00	-4.915235e-03
1.000000001687788e+00	0.000000e+00	-9.108425e-03
1.000000003181410e+00	0.000000e+00	-1.681637e-02
1.000000006168655e+00	0.000000e+00	-2.992856e-02
1.000000012103334e+00	0.000000e+00	-5.037434e-02
1.000000018127863e+00	0.000000e+00	-6.515265e-02
1.000000026352115e+00	0.000000e+00	-7.815541e-02
1.000000034752672e+00	0.000000e+00	-8.618043e-02
1.000000046141375e+00	0.000000e+00	-9.205681e-02
1.000000058600732e+00	0.000000e+00	-9.520776e-02
1.000000075835469e+00	0.000000e+00	-9.696323e-02
1.000000096434140e+00	0.000000e+00	-9.766044e-02
1.000000776401451e+00	0.000000e+00	-9.792924e-02
1.005660250482639e+00	0.000000e+00	-8.895714e-02
1.015425875482639e+00	0.000000e+00	-7.486842e-02
1.020308687982639e+00	0.000000e+00	-6.844715e-02
1.025191500482639e+00	0.000000e+00	-6.242652e-02
1.030074312982639e+00	0.000000e+00	-5.678431e-02
1.034957125482639e+00	0.000000e+00	-5.149949e-02
1.039839937982639e+00	0.000000e+00	-4.655209e-02
1.044722750482639e+00	0.000000e+00	-4.192322e-02
1.049605562982639e+00	0.000000e+00	-3.759499e-02
1.054488375482639e+00	0.000000e+00	-3.355041e-02
1.059371187982639e+00	0.000000e+00	-2.977342e-02
1.064254000482639e+00	0.000000e+00	-2.624879e-02
1.069136812982639e+00	0.000000e+00	-2.296212e-02
1.074019625482639e+00	0.000000e+00	-1.989975e-02
1.078902437982639e+00	0.000000e+00	-1.704876e-02
1.083785250482639e+00	0.000000e+00	-1.439691e-02
1.088668062982639e+00	0.000000e+00	-1.193261e-02
1.093550875482639e+00	0.000000e+00	-9.644921e-03
1.098433687982639e+00	0.000000e+00	-7.523453e-03
1.103316500482639e+00	0.000000e+00	-5.558398e-03
1.108199312982639e+00	0.000000e+00	-3.740470e-03
1.113082125482639e+00	0.000000e+00	-2.060889e-03
1.117964937982639e+00	0.000000e+00	-5.113482e-04
1.122847750482639e+00	0.000000e+00	9.160052e-04
1.127730562982639e+00	0.000000e+00	2.228596e-03
1.132613375482639e+00	0.000000e+00	3.433442e-03
1.137496187982639e+00	0.000000e+00	4.537175e-03
1.142379000482639e+00	0.000000e+00	5.546065e-03
1.147261812982639e+00	0.000000e+00	6.466031e-03
1.152144625482639e+00	0.000000e+00	7.302667e-03
1.157027437982639e+00	0.000000e+00	8.061253e-03
1.161910250482639e+00	0.000000e+00	8.746777e-03
1.171675875482639e+00	0.000000e+00	9.917203e-03
1.181441500482639e+00	0.000000e+00	1.084851e-02
1.191207125482639e+00	0.000000e+00	1.157146e-02
1.200972750482639e+00	0.000000e+00	1.211339e-02
1.215621187982639e+00	0.000000e+00	1.263924e-02
1.230269625482639e+00	0.000000e+00	1.288248e-02
1.244918062982639e+00	0.000000e+00	1.290201e-02
1.259566500482639e+00	0.000000e+00	1.274672e-02
1.274214937982639e+00	0.000000e+00	1.245709e-02
1.288863375482639e+00	0.000000e+00	1.206647e-02
1.303511812982639e+00	0.000000e+00	1.160222e-02
1.323043062982639e+00	0.000000e+00	1.090663e-02
1.342574312982639e+00	0.000000e+00	1.016089e-02
1.362105562982639e+00	0.000000e+00	9.395947e-03
1.381636812982639e+00	0.000000e+00	8.634489e-03
1.406050875482639e+00	0.000000e+00	7.711770e-03
1.430464937982639e+00	0.000000e+00	6.840433e-03
1.459761812982639e+00	0.000000e+00	5.879265e-03
1.489058687982639e+00	0.000000e+00	5.018653e-03
1.523238375482639e+00	0.000000e+00	4.142750e-03
1.557418062982639e+00	0.000000e+00	3.397964e-03
1.591597750482639e+00	0.000000e+00	2.772361e-03
1.630660250482639e+00	0.000000e+00	2.185333e-03
1.669722750482639e+00	0.000000e+00	1.714409e-03
1.713668062982639e+00	0.000000e+00	1.298677e-03
1.757613375482639e+00	0.000000e+00	9.797774e-04
1.806441500482639e+00	0.000000e+00	7.136733e-04
1.865035250482639e+00	0.000000e+00	4.859184e-04
1.933394625482639e+00	0.000000e+00	3.090668e-04
2.000000000000000e+00	0.000000e+00	1.982650e-04
2.000000000030000e+00	3.000000e-02	2.334593e-04
2.000000000059312e+00	5.931167e-02	3.156890e-04
2.000000000100000e+00	1.000000e-01	5.076960e-04
2.000000000467235e+00	1.000000e-01	2.723408e-03
2.000000000840299e+00	1.000000e-01	4.910331e-03
2.000000001586427e+00	1.000000e-01	9.100017e-03
2.000000003078684e+00	1.000000e-01	1.680209e-02
2.000000006063196e+00	1.000000e-01	2.990526e-02
2.000000011997814e+00	1.000000e-01	5.035734e-02
2.000000018020191e+00	1.000000e-01	6.513634e-02
2.000000026244559e+00	1.000000e-01	7.814530e-02
2.000000034642447e+00	1.000000e-01	8.617224e-02
2.000000046030536e+00	1.000000e-01	9.205202e-02
2.000000058485906e+00	1.000000e-01	9.520446e-02
2.000000075718382e+00	1.000000e-01	9.696133e-02
2.000000096309265e+00	1.000000e-01	9.765916e-02
2.000000775887318e+00	1.000000e-01	9.792835e-02
2.005656914121823e+00	1.000000e-01	8.896136e-02
2.015422539121823e+00	1.000000e-01	7.487210e-02
2.020305351621823e+00	1.000000e-01	6.845057e-02
2.025188164121823e+00	1.000000e-01	6.242968e-02
2.030070976621823e+00	1.000000e-01	5.678724e-02
2.034953789121823e+00	1.000000e-01	5.150218e-02
2.039836601621823e+00	1.000000e-01	4.655457e-02
2.044719414121823e+00	1.000000e-01	4.192551e-02
2.049602226621823e+00	1.000000e-01	3.759708e-02
2.054485039121823e+00	1.000000e-01	3.355233e-02
2.059367851621823e+00	1.000000e-01	2.977517e-02
2.064250664121823e+00	1.000000e-01	2.625039e-02
2.069133476621823e+00	1.000000e-01	2.296357e-02
2.074016289121823e+00	1.000000e-01	1.990106e-02
2.078899101621823e+00	1.000000e-01	1.704994e-02
2.083781914121823e+00	1.000000e-01	1.439796e-02
2.088664726621823e+00	1.000000e-01	1.193356e-02
2.093547539121823e+00	1.000000e-01	9.645755e-03
2.098430351621823e+00	1.000000e-01	7.524187e-03
2.103313164121823e+00	1.000000e-01	5.559037e-03
2.108195976621823e+00	1.000000e-01	3.741021e-03
2.113078789121823e+00	1.000000e-01	2.061357e-03
2.117961601621823e+00	1.000000e-01	5.117381e-04
2.122844414121823e+00	1.000000e-01	-9.156879e-04
2.127727226621823e+00	1.000000e-01	-2.228346e-03
2.132610039121823e+00	1.000000e-01	-3.433255e-03
2.137492851621823e+00	1.000000e-01	-4.537048e-03
2.142375664121823e+00	1.000000e-01	-5.545993e-03
2.147258476621823e+00	1.000000e-01	-6.466010e-03
2.152141289121823e+00	1.000000e-01	-7.302693e-03
2.157024101621823e+00	1.000000e-01	-8.061323e-03
2.161906914121823e+00	1.000000e-01	-8.746888e-03
2.171672539121823e+00	1.000000e-01	-9.917388e-03
2.181438164121823e+00	1.000000e-01	-1.084876e-02
2.191203789121823e+00	1.000000e-01	-1.157176e-02
2.200969414121823e+00	1.000000e-01	-1.211373e-02
2.215617851621823e+00	1.000000e-01	-1.263964e-02
2.230266289121823e+00	1.000000e-01	-1.288292e-02
2.244914726621823e+00	1.000000e-01	-1.290247e-02
2.259563164121823e+00	1.000000e-01	-1.274720e-02
2.274211601621823e+00	1.000000e-01	-1.245758e-02
2.288860039121823e+00	1.000000e-01	-1.206697e-02
2.303508476621823e+00	1.000000e-01	-1.160272e-02
2.323039726621823e+00	1.000000e-01	-1.090713e-02
2.342570976621823e+00	1.000000e-01	-1.016137e-02
2.362102226621823e+00	1.000000e-01	-9.396417e-03
2.381633476621823e+00	1.000000e-01	-8.634944e-03
2.406047539121823e+00	1.000000e-01	-7.712200e-03
2.430461601621823e+00	1.000000e-01	-6.840839e-03
2.459758476621823e+00	1.000000e-01	-5.879641e-03
2.489055351621823e+00	1.000000e-01	-5.018999e-03
2.523235039121823e+00	1.000000e-01	-4.143064e-03
2.557414726621823e+00	1.000000e-01	-3.398249e-03
2.591594414121823e+00	1.000000e-01	-2.772619e-03
2.630656914121823e+00	1.000000e-01	-2.185564e-03
2.669719414121823e+00	1.000000e-01	-1.714615e-03
2.713664726621823e+00	1.000000e-01	-1.298860e-03
2.757610039121823e+00	1.000000e-01	-9.799398e-04
2.806438164121823e+00	1.000000e-01	-7.138160e-04
2.865031914121823e+00	1.000000e-01	-4.860412e-04
2.933391289121823e+00	1.000000e-01	-3.091706e-04
3.000000000100000e+00	1.000000e-01	-1.983484e-04
3.000000000130000e+00	7.000000e-02	-2.335427e-04
3.000000000159312e+00	4.068833e-02	-3.157718e-04
3.000000000200000e+00	0.000000e+00	-5.077778e-04
3.000000000567232e+00	0.000000e+00	-2.723471e-03
3.000000000940293e+00	0.000000e+00	-4.910378e-03
3.000000001686415e+00	0.000000e+00	-9.100032e-03
3.000000003178659e+00	0.000000e+00	-1.680205e-02
3.000000006163147e+00	0.000000e+00	-2.990514e-02
3.000000012097765e+00	0.000000e+00	-5.035728e-02
3.000000018120123e+00	0.000000e+00	-6.513628e-02
3.000000026344491e+00	0.000000e+00	-7.814530e-02
3.000000034742356e+00	0.000000e+00	-8.617226e-02
3.000000046130439e+00	0.000000e+00	-9.205207e-02
3.000000058585774e+00	0.000000e+00	-9.520452e-02
3.000000075818229e+00	0.000000e+00	-9.696141e-02
3.000000096409040e+00	0.000000e+00	-9.765924e-02
3.000000775983555e+00	0.000000e+00	-9.792843e-02
3.005656883887154e+00	0.000000e+00	-8.896150e-02
3.015422508887154e+00	0.000000e+00	-7.487223e-02
3.020305321387154e+00	0.000000e+00	-6.845069e-02
3.025188133887154e+00	0.000000e+00	-6.242980e-02
3.030070946387154e+00	0.000000e+00	-5.678735e-02
3.034953758887154e+00	0.000000e+00	-5.150229e-02
3.039836571387154e+00	0.000000e+00	-4.655468e-02
3.044719383887154e+00	0.000000e+00	-4.192562e-02
3.049602196387154e+00	0.000000e+00	-3.759719e-02
3.054485008887154e+00	0.000000e+00	-3.355243e-02
3.059367821387154e+00	0.000000e+00	-2.977527e-02
3.064250633887154e+00	0.000000e+00	-2.625049e-02
3.069133446387154e+00	0.000000e+00	-2.296366e-02
3.074016258887154e+00	0.000000e+00	-1.990115e-02
3.078899071387154e+00	0.000000e+00	-1.705003e-02
3.083781883887154e+00	0.000000e+00	-1.439805e-02
3.088664696387154e+00	0.000000e+00	-1.193364e-02
3.093547508887154e+00	0.000000e+00	-9.645838e-03
3.098430321387154e+00	0.000000e+00	-7.524268e-03
3.103313133887154e+00	0.000000e+00	-5.559116e-03
3.108195946387154e+00	0.000000e+00	-3.741099e-03
3.113078758887154e+00	0.000000e+00	-2.061433e-03
3.117961571387154e+00	0.000000e+00	-5.118127e-04
3.122844383887154e+00	0.000000e+00	9.156147e-04
3.127727196387154e+00	0.000000e+00	2.228274e-03
3.132610008887154e+00	0.000000e+00	3.433185e-03
3.137492821387154e+00	0.000000e+00	4.536979e-03
3.142375633887154e+00	0.000000e+00	5.545924e-03
3.147258446387154e+00	0.000000e+00	6.465943e-03
3.152141258887154e+00	0.000000e+00	7.302627e-03
3.157024071387154e+00	0.000000e+00	8.061259e-03
3.161906883887154e+00	0.000000e+00	8.746825e-03
3.171672508887154e+00	0.000000e+00	9.917326e-03
3.181438133887154e+00	0.000000e+00	1.084870e-02
3.191203758887154e+00	0.000000e+00	1.157170e-02
3.200969383887154e+00	0.000000e+00	1.211368e-02
3.215617821387154e+00	0.000000e+00	1.263958e-02
3.230266258887154e+00	0.000000e+00	1.288287e-02
3.244914696387154e+00	0.000000e+00	1.290242e-02
3.259563133887154e+00	0.000000e+00	1.274716e-02
3.274211571387154e+00	0.000000e+00	1.245754e-02
3.288860008887154e+00	0.000000e+00	1.206692e-02
3.303508446387154e+00	0.000000e+00	1.160268e-02
3.323039696387154e+00	0.000000e+00	1.090709e-02
3.342570946387154e+00	0.000000e+00	1.016133e-02
3.362102196387154e+00	0.000000e+00	9.396379e-03
3.381633446387154e+00	0.000000e+00	8.634906e-03
3.406047508887154e+00	0.000000e+00	7.712166e-03
3.430461571387154e+00	0.000000e+00	6.840806e-03
3.459758446387154e+00	0.000000e+00	5.879609e-03
3.489055321387154e+00	0.000000e+00	5.018970e-03
3.523235008887154e+00	0.000000e+00	4.143037e-03
3.557414696387154e+00	0.000000e+00	3.398224e-03
3.591594383887154e+00	0.000000e+00	2.772595e-03
3.630656883887154e+00	0.000000e+00	2.185542e-03
3.669719383887154e+00	0.000000e+00	1.714595e-03
3.713664696387154e+00	0.000000e+00	1.298842e-03
3.757610008887154e+00	0.000000e+00	9.799232e-04
3.806438133887154e+00	0.000000e+00	7.138010e-04
3.865031883887154e+00	0.000000e+00	4.860279e-04
3.933391258887154e+00	0.000000e+00	3.091591e-04
4.000000000000000e+00	0.000000e+00	1.983384e-04
4.000000000030000e+00	3.000000e-02	2.335325e-04
4.000000000059312e+00	5.931167e-02	3.157610e-04
4.000000000100000e+00	1.000000e-01	5.077691e-04
4.000000000467225e+00	1.000000e-01	2.723424e-03
4.000000000840280e+00	1.000000e-01	4.910294e-03
4.000000001586389e+00	1.000000e-01	9.099882e-03
4.000000003078607e+00	1.000000e-01	1.680179e-02
4.000000006063043e+00	1.000000e-01	2.990470e-02
4.000000011997659e+00	1.000000e-01	5.035697e-02
4.000000018019976e+00	1.000000e-01	6.513598e-02
4.000000026244347e+00	1.000000e-01	7.814512e-02
4.000000034642161e+00	1.000000e-01	8.617211e-02
4.000000046030233e+00	1.000000e-01	9.205199e-02
4.000000058485491e+00	1.000000e-01	9.520446e-02
4.000000075717904e+00	1.000000e-01	9.696138e-02
4.000000096308567e+00	1.000000e-01	9.765922e-02
4.000000775875723e+00	1.000000e-01	9.792843e-02
4.005656820738180e+00	1.000000e-01	8.896159e-02
4.015422445738180e+00	1.000000e-01	7.487230e-02
4.020305258238180e+00	1.000000e-01	6.845076e-02
4.025188070738180e+00	1.000000e-01	6.242987e-02
4.030070883238180e+00	1.000000e-01	5.678741e-02
4.034953695738180e+00	1.000000e-01	5.150235e-02
4.039836508238180e+00	1.000000e-01	4.655474e-02
4.044719320738180e+00	1.000000e-01	4.192566e-02
4.049602133238180e+00	1.000000e-01	3.759723e-02
4.054484945738180e+00	1.000000e-01	3.355247e-02
4.059367758238180e+00	1.000000e-01	2.977531e-02
4.064250570738180e+00	1.000000e-01	2.625052e-02
4.069133383238180e+00	1.000000e-01	2.296370e-02
4.074016195738180e+00	1.000000e-01	1.990118e-02
4.078899008238180e+00	1.000000e-01	1.705005e-02
4.083781820738180e+00	1.000000e-01	1.439807e-02
4.088664633238180e+00	1.000000e-01	1.193366e-02
4.093547445738180e+00	1.000000e-01	9.645859e-03
4.098430258238180e+00	1.000000e-01	7.524286e-03
4.103313070738180e+00	1.000000e-01	5.559132e-03
4.108195883238180e+00	1.000000e-01	3.741113e-03
4.113078695738180e+00	1.000000e-01	2.061445e-03
4.117961508238180e+00	1.000000e-01	5.118240e-04
4.122844320738180e+00	1.000000e-01	-9.156048e-04
4.127727133238180e+00	1.000000e-01	-2.228266e-03
4.132609945738180e+00	1.000000e-01	-3.433177e-03
4.137492758238180e+00	1.000000e-01	-4.536973e-03
4.142375570738180e+00	1.000000e-01	-5.545920e-03
4.147258383238180e+00	1.000000e-01	-6.465939e-03
4.152141195738180e+00	1.000000e-01	-7.302624e-03
4.157024008238180e+00	1.000000e-01	-8.061257e-03
4.161906820738180e+00	1.000000e-01	-8.746824e-03
4.171672445738180e+00	1.000000e-01	-9.917327e-03
4.181438070738180e+00	1.000000e-01	-1.084870e-02
4.191203695738180e+00	1.000000e-01	-1.157170e-02
4.200969320738180e+00	1.000000e-01	-1.211368e-02
4.215617758238180e+00	1.000000e-01	-1.263959e-02
4.230266195738180e+00	1.000000e-01	-1.288288e-02
4.244914633238180e+00	1.000000e-01	-1.290243e-02
4.259563070738180e+00	1.000000e-01	-1.274716e-02
4.274211508238180e+00	1.000000e-01	-1.245754e-02
4.288859945738180e+00	1.000000e-01	-1.206693e-02
4.303508383238180e+00	1.000000e-01	-1.160268e-02
4.323039633238180e+00	1.000000e-01	-1.090710e-02
4.342570883238180e+00	1.000000e-01	-1.016134e-02
4.362102133238180e+00	1.000000e-01	-9.396386e-03
4.381633383238180e+00	1.000000e-01	-8.634914e-03
4.406047445738180e+00	1.000000e-01	-7.712172e-03
4.430461508238180e+00	1.000000e-01	-6.840812e-03
4.459758383238180e+00	1.000000e-01	-5.879615e-03
4.489055258238180e+00	1.000000e-01	-5.018976e-03
4.523234945738180e+00	1.000000e-01	-4.143042e-03
4.557414633238180e+00	1.000000e-01	-3.398229e-03
4.591594320738180e+00	1.000000e-01	-2.772599e-03
4.630656820738180e+00	1.000000e-01	-2.185546e-03
4.669719320738180e+00	1.000000e-01	-1.714598e-03
4.713664633238180e+00	1.000000e-01	-1.298845e-03
4.757609945738180e+00	1.000000e-01	-9.799256e-04
4.806438070738180e+00	1.000000e-01	-7.138031e-04
4.865031820738180e+00	1.000000e-01	-4.860297e-04
4.933391195738180e+00	1.000000e-01	-3.091606e-04
4.995117187600000e+00	1.000000e-01	-2.049932e-04
5.000000000000000e+00	1.000000e-01	-1.983395e-04
Step Information: Routput=9.9K  (Step: 5/5)
0.000000000000000e+00	0.000000e+00	0.000000e+00
2.556502884272081e-11	2.556503e-02	2.471808e-05
5.014205819204941e-11	5.014206e-02	9.563116e-05
1.000000000000000e-10	1.000000e-01	3.064384e-04
4.589803857396360e-10	1.000000e-01	2.473675e-03
8.193685376978587e-10	1.000000e-01	4.589284e-03
1.540144841614304e-09	1.000000e-01	8.648154e-03
2.981697449447195e-09	1.000000e-01	1.613031e-02
5.864802665112978e-09	1.000000e-01	2.918527e-02
9.960316234233407e-09	1.000000e-01	4.446624e-02
1.439850673943389e-08	1.000000e-01	5.721635e-02
2.032103709317313e-08	1.000000e-01	6.943309e-02
2.788097229462642e-08	1.000000e-01	7.979582e-02
3.783059899080138e-08	1.000000e-01	8.796309e-02
4.899017958466414e-08	1.000000e-01	9.284079e-02
6.316381786699213e-08	1.000000e-01	9.568024e-02
8.031779239119987e-08	1.000000e-01	9.702391e-02
1.040877167291248e-07	1.000000e-01	9.757481e-02
1.138168873997735e-02	1.000000e-01	8.040623e-02
1.626450123997735e-02	1.000000e-01	7.366434e-02
2.114731373997735e-02	1.000000e-01	6.733928e-02
2.603012623997735e-02	1.000000e-01	6.140807e-02
3.091293873997735e-02	1.000000e-01	5.584893e-02
3.579575123997736e-02	1.000000e-01	5.064121e-02
4.067856373997736e-02	1.000000e-01	4.576534e-02
4.556137623997736e-02	1.000000e-01	4.120278e-02
5.044418873997736e-02	1.000000e-01	3.693596e-02
5.532700123997736e-02	1.000000e-01	3.294823e-02
6.020981373997736e-02	1.000000e-01	2.922381e-02
6.509262623997736e-02	1.000000e-01	2.574776e-02
6.997543873997736e-02	1.000000e-01	2.250593e-02
7.485825123997736e-02	1.000000e-01	1.948491e-02
7.974106373997736e-02	1.000000e-01	1.667202e-02
8.462387623997736e-02	1.000000e-01	1.405523e-02
8.950668873997736e-02	1.000000e-01	1.162317e-02
9.438950123997736e-02	1.000000e-01	9.365063e-03
9.927231373997736e-02	1.000000e-01	7.270728e-03
1.041551262399774e-01	1.000000e-01	5.330516e-03
1.090379387399774e-01	1.000000e-01	3.535304e-03
1.139207512399774e-01	1.000000e-01	1.876458e-03
1.188035637399774e-01	1.000000e-01	3.458134e-04
1.236863762399774e-01	1.000000e-01	-1.064352e-03
1.285691887399774e-01	1.000000e-01	-2.361338e-03
1.334520012399774e-01	1.000000e-01	-3.552048e-03
1.383348137399774e-01	1.000000e-01	-4.643007e-03
1.432176262399774e-01	1.000000e-01	-5.640381e-03
1.481004387399774e-01	1.000000e-01	-6.549996e-03
1.529832512399774e-01	1.000000e-01	-7.377355e-03
1.578660637399774e-01	1.000000e-01	-8.127659e-03
1.627488762399774e-01	1.000000e-01	-8.805815e-03
1.725145012399774e-01	1.000000e-01	-9.963965e-03
1.822801262399774e-01	1.000000e-01	-1.088585e-02
1.920457512399774e-01	1.000000e-01	-1.160176e-02
2.018113762399774e-01	1.000000e-01	-1.213866e-02
2.164598137399774e-01	1.000000e-01	-1.265998e-02
2.311082512399774e-01	1.000000e-01	-1.290145e-02
2.457566887399774e-01	1.000000e-01	-1.292120e-02
2.604051262399774e-01	1.000000e-01	-1.276753e-02
2.750535637399774e-01	1.000000e-01	-1.248042e-02
2.897020012399774e-01	1.000000e-01	-1.209286e-02
3.043504387399774e-01	1.000000e-01	-1.163192e-02
3.238816887399774e-01	1.000000e-01	-1.094079e-02
3.434129387399774e-01	1.000000e-01	-1.019922e-02
3.629441887399774e-01	1.000000e-01	-9.437968e-03
3.824754387399774e-01	1.000000e-01	-8.679582e-03
4.068895012399774e-01	1.000000e-01	-7.759763e-03
4.313035637399774e-01	1.000000e-01	-6.890294e-03
4.606004387399774e-01	1.000000e-01	-5.930108e-03
4.898973137399774e-01	1.000000e-01	-5.069294e-03
5.240770012399774e-01	1.000000e-01	-4.191964e-03
5.582566887399774e-01	1.000000e-01	-3.444805e-03
5.924363762399774e-01	1.000000e-01	-2.816199e-03
6.314988762399774e-01	1.000000e-01	-2.225306e-03
6.705613762399774e-01	1.000000e-01	-1.750343e-03
7.145066887399774e-01	1.000000e-01	-1.330129e-03
7.584520012399774e-01	1.000000e-01	-1.007003e-03
8.072801262399774e-01	1.000000e-01	-7.366420e-04
8.658738762399774e-01	1.000000e-01	-5.044721e-04
9.342332512399774e-01	1.000000e-01	-3.234201e-04
1.000000000100000e+00	1.000000e-01	-2.105504e-04
1.000000000130000e+00	7.000000e-02	-2.457512e-04
1.000000000159310e+00	4.068989e-02	-3.279901e-04
1.000000000200000e+00	0.000000e+00	-5.200402e-04
1.000000000567213e+00	0.000000e+00	-2.736042e-03
1.000000000940254e+00	0.000000e+00	-4.923255e-03
1.000000001686338e+00	0.000000e+00	-9.113507e-03
1.000000003178504e+00	0.000000e+00	-1.681666e-02
1.000000006162836e+00	0.000000e+00	-2.992173e-02
1.000000012097450e+00	0.000000e+00	-5.037812e-02
1.000000018119685e+00	0.000000e+00	-6.515998e-02
1.000000026344060e+00	0.000000e+00	-7.817182e-02
1.000000034741773e+00	0.000000e+00	-8.620042e-02
1.000000046129822e+00	0.000000e+00	-9.208154e-02
1.000000058584929e+00	0.000000e+00	-9.523467e-02
1.000000075817256e+00	0.000000e+00	-9.699198e-02
1.000000096407624e+00	0.000000e+00	-9.768998e-02
1.000000775960018e+00	0.000000e+00	-9.795925e-02
1.005656694308332e+00	0.000000e+00	-8.902708e-02
1.015422319308332e+00	0.000000e+00	-7.498719e-02
1.020305131808332e+00	0.000000e+00	-6.858595e-02
1.025187944308332e+00	0.000000e+00	-6.258263e-02
1.030070756808332e+00	0.000000e+00	-5.695523e-02
1.034953569308332e+00	0.000000e+00	-5.168291e-02
1.039836381808332e+00	0.000000e+00	-4.674591e-02
1.044719194308332e+00	0.000000e+00	-4.212553e-02
1.049602006808332e+00	0.000000e+00	-3.780400e-02
1.054484819308332e+00	0.000000e+00	-3.376452e-02
1.059367631808332e+00	0.000000e+00	-2.999117e-02
1.064250444308332e+00	0.000000e+00	-2.646885e-02
1.069133256808332e+00	0.000000e+00	-2.318328e-02
1.074016069308332e+00	0.000000e+00	-2.012092e-02
1.078898881808332e+00	0.000000e+00	-1.726896e-02
1.083781694308332e+00	0.000000e+00	-1.461525e-02
1.088664506808332e+00	0.000000e+00	-1.214831e-02
1.093547319308332e+00	0.000000e+00	-9.857271e-03
1.098430131808332e+00	0.000000e+00	-7.731832e-03
1.103312944308332e+00	0.000000e+00	-5.762256e-03
1.108195756808332e+00	0.000000e+00	-3.939325e-03
1.113078569308332e+00	0.000000e+00	-2.254322e-03
1.117961381808332e+00	0.000000e+00	-6.989987e-04
1.122844194308332e+00	0.000000e+00	7.344441e-04
1.127727006808332e+00	0.000000e+00	2.053382e-03
1.132609819308332e+00	0.000000e+00	3.264788e-03
1.137492631808332e+00	0.000000e+00	4.375252e-03
1.142375444308332e+00	0.000000e+00	5.391005e-03
1.147258256808332e+00	0.000000e+00	6.317934e-03
1.152141069308332e+00	0.000000e+00	7.161598e-03
1.157023881808332e+00	0.000000e+00	7.927251e-03
1.161906694308332e+00	0.000000e+00	8.619853e-03
1.171672319308332e+00	0.000000e+00	9.804376e-03
1.181437944308332e+00	0.000000e+00	1.074957e-02
1.191203569308332e+00	0.000000e+00	1.148606e-02
1.200969194308332e+00	0.000000e+00	1.204109e-02
1.215617631808332e+00	0.000000e+00	1.258558e-02
1.230266069308332e+00	0.000000e+00	1.284608e-02
1.244914506808332e+00	0.000000e+00	1.288138e-02
1.259562944308332e+00	0.000000e+00	1.274033e-02
1.274211381808332e+00	0.000000e+00	1.246339e-02
1.288859819308332e+00	0.000000e+00	1.208396e-02
1.303508256808332e+00	0.000000e+00	1.162945e-02
1.323039506808332e+00	0.000000e+00	1.094473e-02
1.342570756808332e+00	0.000000e+00	1.020763e-02
1.362102006808332e+00	0.000000e+00	9.449337e-03
1.381633256808332e+00	0.000000e+00	8.692773e-03
1.406047319308332e+00	0.000000e+00	7.774051e-03
1.430461381808332e+00	0.000000e+00	6.904751e-03
1.459758256808332e+00	0.000000e+00	5.943977e-03
1.489055131808332e+00	0.000000e+00	5.082066e-03
1.523234819308332e+00	0.000000e+00	4.203146e-03
1.557414506808332e+00	0.000000e+00	3.454307e-03
1.591594194308332e+00	0.000000e+00	2.824080e-03
1.630656694308332e+00	0.000000e+00	2.231506e-03
1.669719194308332e+00	0.000000e+00	1.755092e-03
1.713664506808332e+00	0.000000e+00	1.333531e-03
1.757609819308332e+00	0.000000e+00	1.009338e-03
1.806437944308332e+00	0.000000e+00	7.380734e-04
1.865031694308332e+00	0.000000e+00	5.051352e-04
1.933391069308332e+00	0.000000e+00	3.235102e-04
2.000000000000000e+00	0.000000e+00	2.091661e-04
2.000000000030000e+00	3.000000e-02	2.443671e-04
2.000000000059312e+00	5.931167e-02	3.266119e-04
2.000000000100000e+00	1.000000e-01	5.186543e-04
2.000000000467232e+00	1.000000e-01	2.734769e-03
2.000000000840293e+00	1.000000e-01	4.922090e-03
2.000000001586415e+00	1.000000e-01	9.112542e-03
2.000000003078658e+00	1.000000e-01	1.681602e-02
2.000000006063145e+00	1.000000e-01	2.992160e-02
2.000000011997762e+00	1.000000e-01	5.037764e-02
2.000000018020119e+00	1.000000e-01	6.515945e-02
2.000000026244487e+00	1.000000e-01	7.817096e-02
2.000000034642351e+00	1.000000e-01	8.619944e-02
2.000000046030434e+00	1.000000e-01	9.208038e-02
2.000000058485766e+00	1.000000e-01	9.523342e-02
2.000000075718221e+00	1.000000e-01	9.699064e-02
2.000000096309028e+00	1.000000e-01	9.768861e-02
2.000000775883365e+00	1.000000e-01	9.795786e-02
2.005656882267805e+00	1.000000e-01	8.902542e-02
2.015422507267805e+00	1.000000e-01	7.498560e-02
2.020305319767805e+00	1.000000e-01	6.858440e-02
2.025188132267805e+00	1.000000e-01	6.258111e-02
2.030070944767805e+00	1.000000e-01	5.695374e-02
2.034953757267805e+00	1.000000e-01	5.168145e-02
2.039836569767805e+00	1.000000e-01	4.674449e-02
2.044719382267805e+00	1.000000e-01	4.212413e-02
2.049602194767805e+00	1.000000e-01	3.780263e-02
2.054485007267805e+00	1.000000e-01	3.376318e-02
2.059367819767805e+00	1.000000e-01	2.998985e-02
2.064250632267805e+00	1.000000e-01	2.646756e-02
2.069133444767805e+00	1.000000e-01	2.318201e-02
2.074016257267805e+00	1.000000e-01	2.011967e-02
2.078899069767805e+00	1.000000e-01	1.726773e-02
2.083781882267805e+00	1.000000e-01	1.461404e-02
2.088664694767805e+00	1.000000e-01	1.214713e-02
2.093547507267805e+00	1.000000e-01	9.856108e-03
2.098430319767805e+00	1.000000e-01	7.730688e-03
2.103313132267805e+00	1.000000e-01	5.761131e-03
2.108195944767805e+00	1.000000e-01	3.938219e-03
2.113078757267805e+00	1.000000e-01	2.253234e-03
2.117961569767805e+00	1.000000e-01	6.979284e-04
2.122844382267805e+00	1.000000e-01	-7.354973e-04
2.127727194767805e+00	1.000000e-01	-2.054418e-03
2.132610007267805e+00	1.000000e-01	-3.265808e-03
2.137492819767805e+00	1.000000e-01	-4.376257e-03
2.142375632267805e+00	1.000000e-01	-5.391995e-03
2.147258444767805e+00	1.000000e-01	-6.318908e-03
2.152141257267805e+00	1.000000e-01	-7.162558e-03
2.157024069767805e+00	1.000000e-01	-7.928197e-03
2.161906882267805e+00	1.000000e-01	-8.620786e-03
2.171672507267805e+00	1.000000e-01	-9.805283e-03
2.181438132267805e+00	1.000000e-01	-1.075045e-02
2.191203757267805e+00	1.000000e-01	-1.148692e-02
2.200969382267805e+00	1.000000e-01	-1.204192e-02
2.215617819767805e+00	1.000000e-01	-1.258638e-02
2.230266257267805e+00	1.000000e-01	-1.284685e-02
2.244914694767805e+00	1.000000e-01	-1.288212e-02
2.259563132267805e+00	1.000000e-01	-1.274104e-02
2.274211569767805e+00	1.000000e-01	-1.246408e-02
2.288860007267805e+00	1.000000e-01	-1.208462e-02
2.303508444767805e+00	1.000000e-01	-1.163009e-02
2.323039694767805e+00	1.000000e-01	-1.094534e-02
2.342570944767805e+00	1.000000e-01	-1.020821e-02
2.362102194767805e+00	1.000000e-01	-9.449895e-03
2.381633444767805e+00	1.000000e-01	-8.693308e-03
2.406047507267805e+00	1.000000e-01	-7.774557e-03
2.430461569767805e+00	1.000000e-01	-6.905230e-03
2.459758444767805e+00	1.000000e-01	-5.944426e-03
2.489055319767805e+00	1.000000e-01	-5.082486e-03
2.523235007267805e+00	1.000000e-01	-4.203537e-03
2.557414694767805e+00	1.000000e-01	-3.454670e-03
2.591594382267805e+00	1.000000e-01	-2.824417e-03
2.630656882267805e+00	1.000000e-01	-2.231816e-03
2.669719382267805e+00	1.000000e-01	-1.755377e-03
2.713664694767805e+00	1.000000e-01	-1.333790e-03
2.757610007267805e+00	1.000000e-01	-1.009575e-03
2.806438132267805e+00	1.000000e-01	-7.382868e-04
2.865031882267805e+00	1.000000e-01	-5.053235e-04
2.933391257267805e+00	1.000000e-01	-3.236731e-04
3.000000000100000e+00	1.000000e-01	-2.093077e-04
3.000000000130000e+00	7.000000e-02	-2.445088e-04
3.000000000159312e+00	4.068833e-02	-3.267535e-04
3.000000000200000e+00	0.000000e+00	-5.187961e-04
3.000000000567232e+00	0.000000e+00	-2.734911e-03
3.000000000940293e+00	0.000000e+00	-4.922234e-03
3.000000001686415e+00	0.000000e+00	-9.112687e-03
3.000000003178660e+00	0.000000e+00	-1.681617e-02
3.000000006163148e+00	0.000000e+00	-2.992176e-02
3.000000012097765e+00	0.000000e+00	-5.037779e-02
3.000000018120123e+00	0.000000e+00	-6.515960e-02
3.000000026344491e+00	0.000000e+00	-7.817110e-02
3.000000034742357e+00	0.000000e+00	-8.619958e-02
3.000000046130440e+00	0.000000e+00	-9.208052e-02
3.000000058585774e+00	0.000000e+00	-9.523356e-02
3.000000075818229e+00	0.000000e+00	-9.699079e-02
3.000000096409042e+00	0.000000e+00	-9.768875e-02
3.000000775983590e+00	0.000000e+00	-9.795801e-02
3.005656884172063e+00	0.000000e+00	-8.902556e-02
3.015422509172063e+00	0.000000e+00	-7.498574e-02
3.020305321672063e+00	0.000000e+00	-6.858453e-02
3.025188134172063e+00	0.000000e+00	-6.258124e-02
3.030070946672063e+00	0.000000e+00	-5.695387e-02
3.034953759172063e+00	0.000000e+00	-5.168158e-02
3.039836571672063e+00	0.000000e+00	-4.674461e-02
3.044719384172063e+00	0.000000e+00	-4.212426e-02
3.049602196672063e+00	0.000000e+00	-3.780275e-02
3.054485009172063e+00	0.000000e+00	-3.376330e-02
3.059367821672063e+00	0.000000e+00	-2.998997e-02
3.064250634172063e+00	0.000000e+00	-2.646768e-02
3.069133446672063e+00	0.000000e+00	-2.318213e-02
3.074016259172063e+00	0.000000e+00	-2.011979e-02
3.078899071672063e+00	0.000000e+00	-1.726785e-02
3.083781884172063e+00	0.000000e+00	-1.461416e-02
3.088664696672063e+00	0.000000e+00	-1.214724e-02
3.093547509172063e+00	0.000000e+00	-9.856223e-03
3.098430321672063e+00	0.000000e+00	-7.730803e-03
3.103313134172063e+00	0.000000e+00	-5.761244e-03
3.108195946672063e+00	0.000000e+00	-3.938331e-03
3.113078759172063e+00	0.000000e+00	-2.253345e-03
3.117961571672063e+00	0.000000e+00	-6.980380e-04
3.122844384172063e+00	0.000000e+00	7.353888e-04
3.127727196672063e+00	0.000000e+00	2.054311e-03
3.132610009172063e+00	0.000000e+00	3.265702e-03
3.137492821672063e+00	0.000000e+00	4.376152e-03
3.142375634172063e+00	0.000000e+00	5.391891e-03
3.147258446672063e+00	0.000000e+00	6.318805e-03
3.152141259172063e+00	0.000000e+00	7.162456e-03
3.157024071672063e+00	0.000000e+00	7.928096e-03
3.161906884172063e+00	0.000000e+00	8.620685e-03
3.171672509172063e+00	0.000000e+00	9.805185e-03
3.181438134172063e+00	0.000000e+00	1.075036e-02
3.191203759172063e+00	0.000000e+00	1.148682e-02
3.200969384172063e+00	0.000000e+00	1.204183e-02
3.215617821672063e+00	0.000000e+00	1.258629e-02
3.230266259172063e+00	0.000000e+00	1.284677e-02
3.244914696672063e+00	0.000000e+00	1.288204e-02
3.259563134172063e+00	0.000000e+00	1.274096e-02
3.274211571672063e+00	0.000000e+00	1.246400e-02
3.288860009172063e+00	0.000000e+00	1.208455e-02
3.303508446672063e+00	0.000000e+00	1.163001e-02
3.323039696672063e+00	0.000000e+00	1.094527e-02
3.342570946672063e+00	0.000000e+00	1.020814e-02
3.362102196672063e+00	0.000000e+00	9.449829e-03
3.381633446672063e+00	0.000000e+00	8.693244e-03
3.406047509172063e+00	0.000000e+00	7.774496e-03
3.430461571672063e+00	0.000000e+00	6.905173e-03
3.459758446672063e+00	0.000000e+00	5.944373e-03
3.489055321672063e+00	0.000000e+00	5.082437e-03
3.523235009172063e+00	0.000000e+00	4.203491e-03
3.557414696672063e+00	0.000000e+00	3.454627e-03
3.591594384172063e+00	0.000000e+00	2.824377e-03
3.630656884172063e+00	0.000000e+00	2.231779e-03
3.669719384172063e+00	0.000000e+00	1.755343e-03
3.713664696672063e+00	0.000000e+00	1.333759e-03
3.757610009172063e+00	0.000000e+00	1.009546e-03
3.806438134172063e+00	0.000000e+00	7.382613e-04
3.865031884172063e+00	0.000000e+00	5.053011e-04
3.933391259172063e+00	0.000000e+00	3.236537e-04
4.000000000000000e+00	0.000000e+00	2.092909e-04
4.000000000030000e+00	3.000000e-02	2.444917e-04
4.000000000059312e+00	5.931167e-02	3.267360e-04
4.000000000100000e+00	1.000000e-01	5.187805e-04
4.000000000467225e+00	1.000000e-01	2.734858e-03
4.000000000840280e+00	1.000000e-01	4.922143e-03
4.000000001586389e+00	1.000000e-01	9.112529e-03
4.000000003078607e+00	1.000000e-01	1.681590e-02
4.000000006063043e+00	1.000000e-01	2.992131e-02
4.000000011997659e+00	1.000000e-01	5.037747e-02
4.000000018019976e+00	1.000000e-01	6.515929e-02
4.000000026244347e+00	1.000000e-01	7.817090e-02
4.000000034642161e+00	1.000000e-01	8.619943e-02
4.000000046030233e+00	1.000000e-01	9.208043e-02
4.000000058485491e+00	1.000000e-01	9.523349e-02
4.000000075717904e+00	1.000000e-01	9.699075e-02
4.000000096308567e+00	1.000000e-01	9.768873e-02
4.000000775875717e+00	1.000000e-01	9.795798e-02
4.005656820674240e+00	1.000000e-01	8.902564e-02
4.015422445674240e+00	1.000000e-01	7.498580e-02
4.020305258174240e+00	1.000000e-01	6.858459e-02
4.025188070674240e+00	1.000000e-01	6.258129e-02
4.030070883174240e+00	1.000000e-01	5.695392e-02
4.034953695674240e+00	1.000000e-01	5.168163e-02
4.039836508174240e+00	1.000000e-01	4.674466e-02
4.044719320674240e+00	1.000000e-01	4.212430e-02
4.049602133174240e+00	1.000000e-01	3.780279e-02
4.054484945674240e+00	1.000000e-01	3.376334e-02
4.059367758174240e+00	1.000000e-01	2.999001e-02
4.064250570674240e+00	1.000000e-01	2.646771e-02
4.069133383174240e+00	1.000000e-01	2.318216e-02
4.074016195674240e+00	1.000000e-01	2.011982e-02
4.078899008174240e+00	1.000000e-01	1.726787e-02
4.083781820674240e+00	1.000000e-01	1.461418e-02
4.088664633174240e+00	1.000000e-01	1.214726e-02
4.093547445674240e+00	1.000000e-01	9.856238e-03
4.098430258174240e+00	1.000000e-01	7.730816e-03
4.103313070674240e+00	1.000000e-01	5.761255e-03
4.108195883174240e+00	1.000000e-01	3.938340e-03
4.113078695674240e+00	1.000000e-01	2.253352e-03
4.117961508174240e+00	1.000000e-01	6.980442e-04
4.122844320674240e+00	1.000000e-01	-7.353839e-04
4.127727133174240e+00	1.000000e-01	-2.054308e-03
4.132609945674240e+00	1.000000e-01	-3.265699e-03
4.137492758174240e+00	1.000000e-01	-4.376151e-03
4.142375570674240e+00	1.000000e-01	-5.391891e-03
4.147258383174240e+00	1.000000e-01	-6.318806e-03
4.152141195674240e+00	1.000000e-01	-7.162458e-03
4.157024008174240e+00	1.000000e-01	-7.928099e-03
4.161906820674240e+00	1.000000e-01	-8.620689e-03
4.171672445674240e+00	1.000000e-01	-9.805189e-03
4.181438070674240e+00	1.000000e-01	-1.075036e-02
4.191203695674240e+00	1.000000e-01	-1.148683e-02
4.200969320674240e+00	1.000000e-01	-1.204184e-02
4.215617758174240e+00	1.000000e-01	-1.258630e-02
4.230266195674240e+00	1.000000e-01	-1.284678e-02
4.244914633174240e+00	1.000000e-01	-1.288205e-02
4.259563070674240e+00	1.000000e-01	-1.274097e-02
4.274211508174240e+00	1.000000e-01	-1.246401e-02
4.288859945674240e+00	1.000000e-01	-1.208456e-02
4.303508383174240e+00	1.000000e-01	-1.163002e-02
4.323039633174240e+00	1.000000e-01	-1.094528e-02
4.342570883174240e+00	1.000000e-01	-1.020815e-02
4.362102133174240e+00	1.000000e-01	-9.449840e-03
4.381633383174240e+00	1.000000e-01	-8.693255e-03
4.406047445674240e+00	1.000000e-01	-7.774506e-03
4.430461508174240e+00	1.000000e-01	-6.905182e-03
4.459758383174240e+00	1.000000e-01	-5.944381e-03
4.489055258174240e+00	1.000000e-01	-5.082444e-03
4.523234945674240e+00	1.000000e-01	-4.203498e-03
4.557414633174240e+00	1.000000e-01	-3.454634e-03
4.591594320674240e+00	1.000000e-01	-2.824383e-03
4.630656820674240e+00	1.000000e-01	-2.231784e-03
4.669719320674240e+00	1.000000e-01	-1.755348e-03
4.713664633174240e+00	1.000000e-01	-1.333764e-03
4.757609945674240e+00	1.000000e-01	-1.009550e-03
4.806438070674240e+00	1.000000e-01	-7.382646e-04
4.865031820674240e+00	1.000000e-01	-5.053040e-04
4.933391195674240e+00	1.000000e-01	-3.236561e-04
4.995117187600000e+00	1.000000e-01	-2.161744e-04
5.000000000000000e+00	1.000000e-01	-2.092929e-04
